action: u,states: t,states: v,states: x
-0.0230089,0.0,-0.59616,53.9058
-0.245345,1.0,-0.487408,53.6077
-0.00264955,2.0,-0.45546,53.364
-0.126176,3.0,-0.630614,53.1363
-0.0578535,4.0,-1.04463,52.821
-0.12698,5.0,-1.24919,52.2987
-0.199586,6.0,-1.2844,51.6741
-0.177635,7.0,-1.28873,51.0319
-0.0600886,8.0,-1.29676,50.3875
-0.154372,9.0,-1.44894,49.7392
-0.217706,10.0,-1.62344,49.0147
-0.230224,11.0,-1.66826,48.203
-0.00949311,12.0,-1.78586,47.3688
-0.154227,13.0,-1.76687,46.4759
-0.201285,14.0,-1.72758,45.5925
-0.200876,15.0,-1.67629,44.7287
-0.25067,16.0,-2.03599,43.8905
-0.165918,17.0,-1.90027,42.8725
-0.0565954,18.0,-1.84924,41.9224
-0.235986,19.0,-1.35144,40.9978
-0.100403,20.0,-1.54291,40.3221
-0.222533,21.0,-1.63256,39.5506
-0.221585,22.0,-1.59943,38.7343
-0.136425,23.0,-1.99753,37.9346
-0.139068,24.0,-1.73911,36.9359
-0.113036,25.0,-1.96977,36.0663
-0.154264,26.0,-1.96666,35.0814
-0.110469,27.0,-2.32188,34.0981
-0.204829,28.0,-2.20528,32.9371
-0.135836,29.0,-1.91435,31.8345
0.00797296,30.0,-2.3209,30.8773
-0.0932389,31.0,-2.09676,29.7169
-0.179399,32.0,-2.08122,28.6685
-0.129046,33.0,-2.20747,27.6279
-0.0389045,34.0,-2.36863,26.5241
-0.144927,35.0,-2.41967,25.3398
0.066016,36.0,-2.70598,24.13
-0.0330654,37.0,-2.71944,22.777
-0.107552,38.0,-2.96759,21.4173
-0.0334354,39.0,-2.96619,19.9335
0.0276035,40.0,-3.13522,18.4504
0.0211918,41.0,-2.82947,16.8828
-0.0078429,42.0,-2.74014,15.4681
-0.0475351,43.0,-2.69173,14.098
-0.0487348,44.0,-3.06911,12.7521
0.0788491,45.0,-3.24384,11.2176
-0.0163099,46.0,-3.1517,9.59564
0.0975899,47.0,-2.89221,8.0198
0.0196329,48.0,-2.47601,6.57369
0.0592512,49.0,-2.33707,5.33569
-0.0705328,50.0,-2.38771,4.16715
0.0113875,51.0,-2.86717,2.9733
0.185663,52.0,-3.04336,1.53971
0.196301,53.0,-2.92987,0.0180314
0.161116,54.0,-2.68631,-1.4469
0.0209042,55.0,-2.45805,-2.79006
0.0800569,56.0,-2.43599,-4.01908
0.0474787,57.0,-2.21756,-5.23708
0.121663,58.0,-2.06372,-6.34586
0.106205,59.0,-2.59314,-7.37772
0.048409,60.0,-2.28281,-8.67428
0.0442039,61.0,-1.8119,-9.81569
-0.0429298,62.0,-1.83918,-10.7216
0.189928,63.0,-2.15075,-11.6412
0.102815,64.0,-2.36742,-12.7166
0.13098,65.0,-2.19721,-13.9003
0.0549531,66.0,-2.07155,-14.9989
0.0582844,67.0,-1.86797,-16.0347
0.156457,68.0,-1.7519,-16.9687
0.0698653,69.0,-1.72022,-17.8446
0.153202,70.0,-1.75247,-18.7047
0.141509,71.0,-1.29122,-19.581
0.00482666,72.0,-1.01205,-20.2266
-0.167576,73.0,-0.754438,-20.7326
-0.101156,74.0,-0.879661,-21.1098
0.00398362,75.0,-1.11094,-21.5497
0.00958812,76.0,-1.06132,-22.1051
0.0332366,77.0,-1.14207,-22.6358
0.116303,78.0,-1.12403,-23.2068
0.0624077,79.0,-1.11786,-23.7688
0.0219362,80.0,-0.701557,-24.3278
-0.031885,81.0,-0.48232,-24.6786
0.0674126,82.0,-0.79551,-24.9197
-0.0426368,83.0,-0.590691,-25.3175
-0.000826418,84.0,-0.634482,-25.6128
0.0693831,85.0,-0.763539,-25.9301
0.0282878,86.0,-0.921553,-26.3118
0.104506,87.0,-0.62092,-26.7726
-0.00411159,88.0,-0.467687,-27.0831
0.14499,89.0,-0.609773,-27.3169
0.0485194,90.0,-0.649323,-27.6218
0.0615242,91.0,-0.566553,-27.9465
-0.0360082,92.0,-0.553969,-28.2297
-0.124786,93.0,-0.13849,-28.5067
-0.10436,94.0,-0.192665,-28.576
0.183621,95.0,-0.389112,-28.6723
-0.303519,96.0,0.131276,-28.8668
-0.0832844,97.0,-0.142628,-28.8012
0.000166535,98.0,-0.102213,-28.8725
-0.000323415,99.0,0.0875477,-28.9236
-0.0995876,0.0,1.175,-1.91305
0.0212462,1.0,1.22479,-1.32555
0.0391396,2.0,1.05817,-0.713154
-0.0666776,3.0,1.43643,-0.184068
-0.100388,4.0,1.69853,0.534146
-0.152448,5.0,1.70753,1.38341
-0.177282,6.0,1.70733,2.23718
-0.147732,7.0,1.62445,3.09084
-0.084995,8.0,1.71127,3.90307
-0.0463905,9.0,2.13262,4.7587
-0.0358773,10.0,1.96336,5.82501
-0.0109463,11.0,2.12504,6.80669
-0.128825,12.0,2.01419,7.86921
-0.104902,13.0,1.75419,8.8763
-0.12531,14.0,1.24917,9.7534
-0.148656,15.0,1.23283,10.378
-0.119812,16.0,1.51749,10.9944
-0.0244238,17.0,1.444,11.7531
0.0648354,18.0,1.2604,12.4751
-0.177329,19.0,1.23634,13.1053
-0.17697,20.0,1.49605,13.7235
0.00844693,21.0,1.05354,14.4715
-0.156145,22.0,0.976539,14.9983
-0.111516,23.0,0.888665,15.4866
0.0438863,24.0,0.890917,15.9309
-0.0527673,25.0,0.758065,16.3764
0.0468986,26.0,0.577495,16.7554
0.00715888,27.0,0.733584,17.0441
0.0605237,28.0,0.634266,17.4109
-0.0879151,29.0,0.674,17.7281
-0.0692373,30.0,0.406254,18.0651
0.0532384,31.0,0.264706,18.2682
-0.120512,32.0,0.126326,18.4006
-0.0222042,33.0,0.0409511,18.4637
-0.0686458,34.0,0.15481,18.4842
0.00905609,35.0,0.293204,18.5616
-0.00191253,36.0,0.204979,18.7082
0.0973343,37.0,-0.112368,18.8107
-0.0328104,38.0,0.0351446,18.7545
-0.0337765,39.0,-0.122658,18.7721
0.135852,40.0,-0.147843,18.7107
-0.00951076,41.0,0.178588,18.6368
-0.136288,42.0,0.407175,18.7261
0.00292456,43.0,0.262183,18.9297
0.0620556,44.0,0.180703,19.0608
0.0651066,45.0,0.0944953,19.1511
0.0424936,46.0,0.527876,19.1984
-0.042649,47.0,0.451195,19.4623
0.0014888,48.0,0.213057,19.6879
0.0637161,49.0,0.206608,19.7945
-0.0855746,50.0,0.0747484,19.8978
-0.0276815,51.0,-0.0174824,19.9351
0.162754,52.0,-0.433854,19.9264
0.0177765,53.0,-0.773026,19.7095
0.0728694,54.0,-0.724911,19.323
-0.0307445,55.0,-0.659546,18.9605
0.138412,56.0,-1.10401,18.6307
0.0338092,57.0,-0.768272,18.0787
0.217429,58.0,-1.12743,17.6946
0.0873597,59.0,-0.852541,17.1309
0.0234962,60.0,-0.650504,16.7046
0.123205,61.0,-0.421993,16.3794
-0.0358549,62.0,0.0894749,16.1684
-0.0284288,63.0,0.33036,16.2131
0.111388,64.0,0.180314,16.3783
0.0379344,65.0,0.290884,16.4684
-0.0126596,66.0,0.390972,16.6139
-0.0382156,67.0,0.476262,16.8094
-0.0605136,68.0,0.382438,17.0475
-0.0612483,69.0,0.585474,17.2387
-0.107583,70.0,0.56484,17.5314
0.00803781,71.0,0.0627148,17.8139
0.106278,72.0,0.158551,17.8452
-0.132265,73.0,0.337296,17.9245
0.125676,74.0,0.0760306,18.0931
0.016062,75.0,-0.142446,18.1312
0.0755479,76.0,0.350488,18.0599
-0.163942,77.0,0.80295,18.2352
-0.116482,78.0,0.978714,18.6367
-0.160411,79.0,0.942208,19.126
-0.220886,80.0,0.645393,19.5971
0.00538671,81.0,0.744286,19.9198
-0.0349841,82.0,0.527661,20.292
-0.152157,83.0,0.519121,20.5558
-0.0996823,84.0,0.479517,20.8153
-0.195844,85.0,0.676085,21.0551
-0.221462,86.0,0.674206,21.3931
-0.371072,87.0,1.02141,21.7302
-0.0579676,88.0,0.74306,22.241
-0.4391,89.0,1.20558,22.6125
-0.502467,90.0,0.688561,23.2153
-0.361219,91.0,0.780298,23.5596
-0.366585,92.0,0.718627,23.9497
-0.453695,93.0,0.556339,24.309
-0.29171,94.0,0.193526,24.5872
-0.329778,95.0,-0.0118677,24.6839
-0.510961,96.0,-0.432287,24.678
-0.403322,97.0,-0.799923,24.4619
-0.000739276,98.0,-0.517954,24.0619
-0.00580144,99.0,-0.358885,23.8029
0.10199,0.0,-0.236184,-33.8822
0.193629,1.0,-0.412525,-34.0003
0.131063,2.0,-0.212972,-34.2066
0.0429393,3.0,0.025481,-34.313
0.127766,4.0,0.0421299,-34.3003
0.0896442,5.0,0.0560178,-34.2792
0.00466061,6.0,0.416425,-34.2512
0.145045,7.0,0.347015,-34.043
0.0135469,8.0,0.650098,-33.8695
0.199414,9.0,0.206626,-33.5445
0.0989717,10.0,0.473995,-33.4411
-0.00168574,11.0,0.703562,-33.2041
0.121057,12.0,1.10455,-32.8524
0.0529813,13.0,0.898885,-32.3001
0.2014,14.0,0.885828,-31.8506
0.0154669,15.0,0.908205,-31.4077
0.0217729,16.0,0.890767,-30.9536
0.00255728,17.0,1.31093,-30.5082
0.210071,18.0,1.02144,-29.8528
0.0390036,19.0,1.01579,-29.3421
0.0952816,20.0,1.19361,-28.8342
0.0603464,21.0,1.24513,-28.2374
0.0457667,22.0,1.28178,-27.6148
0.0566587,23.0,1.53118,-26.9739
0.0510746,24.0,1.83724,-26.2083
0.0743918,25.0,1.8869,-25.2897
0.0314467,26.0,2.00828,-24.3463
0.115693,27.0,2.18033,-23.3421
0.0279483,28.0,2.25305,-22.2519
-0.0825784,29.0,2.26742,-21.1254
-0.0567708,30.0,2.0822,-19.9917
0.0905881,31.0,2.03959,-18.9506
0.0891091,32.0,2.31418,-17.9308
-0.0398822,33.0,2.17456,-16.7737
-0.108447,34.0,2.22594,-15.6864
0.000193477,35.0,2.31124,-14.5735
-0.168337,36.0,2.28461,-13.4179
-0.150739,37.0,2.11268,-12.2756
0.00245452,38.0,2.14399,-11.2192
0.0101138,39.0,2.09998,-10.1472
-0.0987232,40.0,2.07238,-9.09723
-0.0675236,41.0,1.91499,-8.06104
0.0288345,42.0,2.02357,-7.10355
0.0796384,43.0,1.72261,-6.09177
0.0211272,44.0,1.6854,-5.23046
0.0106848,45.0,1.77052,-4.38776
-0.0653754,46.0,1.69938,-3.5025
-0.0344391,47.0,1.73623,-2.65281
-0.000120878,48.0,1.63904,-1.7847
0.0519155,49.0,1.58482,-0.965173
0.0404444,50.0,1.53416,-0.172761
-0.0284909,51.0,1.30418,0.594318
-0.00134146,52.0,1.34243,1.24641
-0.0182889,53.0,1.18661,1.91762
-0.0171494,54.0,1.18792,2.51093
-0.0412539,55.0,0.753053,3.10489
0.0402431,56.0,0.750818,3.48142
-0.0852832,57.0,0.841049,3.85683
0.0780399,58.0,0.860115,4.27735
0.065961,59.0,0.57513,4.70741
0.111973,60.0,0.560209,4.99497
0.0597858,61.0,0.579816,5.27508
-0.0560526,62.0,0.659929,5.56499
0.084555,63.0,0.70939,5.89495
0.016482,64.0,1.15694,6.24964
-0.0335997,65.0,1.42386,6.82811
-0.0893624,66.0,1.75459,7.54005
-0.183849,67.0,1.93271,8.41734
-0.199067,68.0,1.83963,9.38369
-0.0792212,69.0,1.6698,10.3035
-0.14577,70.0,1.75659,11.1384
-0.267006,71.0,1.70201,12.0167
-0.141959,72.0,1.39672,12.8677
0.0334579,73.0,1.49331,13.5661
-0.204828,74.0,1.56253,14.3127
-0.176642,75.0,1.52698,15.094
-0.159697,76.0,1.44449,15.8575
-0.128369,77.0,1.61165,16.5797
-0.331635,78.0,1.68267,17.3855
-0.0720825,79.0,1.55435,18.2269
-0.211205,80.0,1.28801,19.0041
-0.275461,81.0,1.34762,19.6481
-0.309136,82.0,1.31174,20.3219
-0.148032,83.0,1.13421,20.9777
-0.41471,84.0,1.36837,21.5448
-0.347467,85.0,1.31198,22.229
-0.404483,86.0,0.970546,22.885
-0.302609,87.0,0.551168,23.3703
-0.335953,88.0,0.615915,23.6459
-0.468168,89.0,0.731031,23.9538
-0.535086,90.0,0.433134,24.3194
-0.47161,91.0,0.0517977,24.5359
-0.368875,92.0,-0.604915,24.5618
-0.308944,93.0,-1.00853,24.2594
-0.526249,94.0,-1.4589,23.7551
-0.466777,95.0,-2.11189,23.0256
0.157142,96.0,-2.466,21.9697
0.39995,97.0,-2.30468,20.7367
0.00121975,98.0,-1.65081,19.5844
-0.0384065,99.0,-1.68168,18.759
0.0416094,0.0,1.64027,-93.6196
0.206265,1.0,1.76196,-92.7995
0.115567,2.0,1.59359,-91.9185
0.214445,3.0,2.07741,-91.1217
0.214128,4.0,2.60933,-90.083
-0.00777739,5.0,2.61378,-88.7783
0.120554,6.0,2.35862,-87.4714
0.0820529,7.0,2.52913,-86.2921
0.150625,8.0,2.52101,-85.0276
0.11475,9.0,2.39956,-83.7671
0.103545,10.0,2.46268,-82.5673
0.194164,11.0,2.2193,-81.3359
0.198667,12.0,2.22215,-80.2263
0.161741,13.0,2.25132,-79.1152
0.146288,14.0,2.6382,-77.9895
0.0174612,15.0,2.88226,-76.6704
-0.0577425,16.0,3.26504,-75.2293
0.0948529,17.0,3.65366,-73.5968
-0.106049,18.0,3.66064,-71.77
-0.00335681,19.0,3.46315,-69.9396
-0.0153665,20.0,3.39016,-68.2081
-0.118359,21.0,3.90449,-66.513
-0.107371,22.0,3.75898,-64.5607
-0.0183578,23.0,3.71865,-62.6813
-0.0955484,24.0,3.78464,-60.8219
-0.100828,25.0,3.9589,-58.9296
-0.116861,26.0,4.19624,-56.9502
-0.069295,27.0,4.28471,-54.852
-0.254014,28.0,4.46827,-52.7097
-0.158572,29.0,4.6296,-50.4755
-0.260429,30.0,4.74226,-48.1608
-0.283645,31.0,4.97316,-45.7896
-0.139517,32.0,5.07252,-43.303
-0.231232,33.0,4.98965,-40.7668
-0.282241,34.0,4.68404,-38.272
-0.140078,35.0,4.51436,-35.9299
-0.180942,36.0,4.5474,-33.6728
-0.146996,37.0,4.65196,-31.3991
-0.260472,38.0,4.51602,-29.0731
-0.252417,39.0,4.54603,-26.8151
-0.279942,40.0,4.3114,-24.542
-0.344293,41.0,4.09106,-22.3863
-0.249992,42.0,4.02373,-20.3408
-0.176084,43.0,3.78199,-18.329
-0.150634,44.0,3.898,-16.438
-0.133285,45.0,3.96853,-14.489
-0.345421,46.0,3.64607,-12.5047
-0.19533,47.0,3.5793,-10.6817
-0.187556,48.0,3.37058,-8.89201
-0.124344,49.0,3.40529,-7.20672
-0.290457,50.0,3.35678,-5.50408
-0.289214,51.0,3.35654,-3.82569
-0.234379,52.0,3.68608,-2.14742
-0.289454,53.0,3.25693,-0.304378
-0.187825,54.0,2.81164,1.32409
-0.16304,55.0,2.5398,2.72991
-0.322869,56.0,2.45064,3.99981
-0.267677,57.0,2.194,5.22513
-0.191024,58.0,1.96688,6.32213
-0.175589,59.0,1.99561,7.30556
-0.201985,60.0,1.73248,8.30337
-0.241339,61.0,1.49811,9.16961
-0.144174,62.0,1.33215,9.91866
-0.113517,63.0,1.19998,10.5847
-0.1146,64.0,0.836395,11.1847
-0.228356,65.0,0.576099,11.6029
-0.05944,66.0,0.492577,11.891
-0.23279,67.0,0.415663,12.1373
-0.116173,68.0,0.031817,12.3451
-0.189041,69.0,-0.0514067,12.361
0.0239408,70.0,0.109141,12.3353
-0.0336229,71.0,-0.0531714,12.3899
-0.233544,72.0,0.0448496,12.3633
-0.267583,73.0,0.178599,12.3857
-0.347484,74.0,0.312862,12.475
-0.0651697,75.0,0.196535,12.6314
0.00614047,76.0,-0.00722387,12.7297
-0.340094,77.0,0.154637,12.7261
-0.184931,78.0,-0.18138,12.8034
-0.171446,79.0,0.00365219,12.7127
-0.254143,80.0,-0.000862472,12.7146
-0.173242,81.0,-0.0287794,12.7141
-0.212047,82.0,0.154588,12.6997
-0.391357,83.0,0.636165,12.777
-0.209652,84.0,0.484108,13.0951
-0.31564,85.0,0.179141,13.3372
-0.554764,86.0,0.256677,13.4267
-0.4918,87.0,0.288956,13.5551
-0.527246,88.0,0.102332,13.6995
-0.370008,89.0,-0.250865,13.7507
-0.455388,90.0,-0.612721,13.6253
-0.454362,91.0,-0.965459,13.3189
-0.39921,92.0,-1.02461,12.8362
-0.285362,93.0,-1.38518,12.3239
-0.45821,94.0,-1.26795,11.6313
-0.425767,95.0,-1.63353,10.9973
-0.482361,96.0,-1.96714,10.1806
-0.485222,97.0,-2.27336,9.19699
-0.0104653,98.0,-2.07112,8.0603
0.00444889,99.0,-2.38214,7.02475
0.0533679,0.0,-1.11793,4.15394
-0.023088,1.0,-1.39812,3.59498
0.247351,2.0,-1.97763,2.89592
0.303439,3.0,-1.73547,1.9071
0.31384,4.0,-1.33445,1.03937
0.267224,5.0,-1.39915,0.372143
0.115771,6.0,-1.04915,-0.327432
0.199966,7.0,-0.97774,-0.852006
0.256121,8.0,-1.48718,-1.34088
0.0449479,9.0,-1.2836,-2.08446
0.257948,10.0,-1.64681,-2.72626
0.159983,11.0,-1.76847,-3.54967
0.218874,12.0,-1.55514,-4.4339
0.386217,13.0,-1.47779,-5.21147
0.351746,14.0,-1.1835,-5.95037
0.183603,15.0,-1.21034,-6.54212
0.131115,16.0,-1.16325,-7.14729
0.273448,17.0,-0.750959,-7.72891
0.261109,18.0,-1.01996,-8.10439
0.209897,19.0,-1.09136,-8.61438
0.310584,20.0,-0.844131,-9.16006
0.290854,21.0,-0.587529,-9.58212
0.244482,22.0,-0.345477,-9.87589
0.190336,23.0,-0.357483,-10.0486
0.0778065,24.0,-0.212474,-10.2274
0.361361,25.0,-0.369088,-10.3336
0.233894,26.0,-0.377004,-10.5182
0.309475,27.0,-0.101708,-10.7067
0.334796,28.0,0.289491,-10.7575
0.237703,29.0,0.268506,-10.6128
0.163126,30.0,0.352558,-10.4785
0.349236,31.0,0.663815,-10.3022
0.114271,32.0,0.75788,-9.97032
0.289428,33.0,0.687402,-9.59138
0.183252,34.0,1.27348,-9.24768
0.19671,35.0,1.56056,-8.61094
0.172404,36.0,1.48645,-7.83066
0.103487,37.0,1.86895,-7.08743
0.0127007,38.0,2.1718,-6.15296
0.0337868,39.0,2.09065,-5.06706
0.309348,40.0,1.9258,-4.02173
0.2701,41.0,1.79998,-3.05883
0.258413,42.0,1.57034,-2.15884
0.237756,43.0,1.69629,-1.37367
0.291141,44.0,1.82643,-0.525528
0.0987356,45.0,2.25479,0.387686
0.111217,46.0,1.89079,1.51508
0.119653,47.0,1.95996,2.46048
0.220151,48.0,1.72205,3.44046
0.219282,49.0,1.51292,4.30148
0.265353,50.0,1.68297,5.05794
0.162411,51.0,1.50619,5.89942
0.246585,52.0,1.46015,6.65252
0.194203,53.0,1.58854,7.38259
0.158779,54.0,2.09811,8.17686
0.199,55.0,2.07897,9.22592
0.29496,56.0,2.15097,10.2654
0.139284,57.0,2.3423,11.3409
0.358768,58.0,2.18364,12.512
0.0521615,59.0,2.13694,13.6039
0.385624,60.0,2.25258,14.6723
0.261087,61.0,2.75056,15.7986
0.0755688,62.0,3.27596,17.1739
0.0841089,63.0,3.44533,18.8119
-0.0871732,64.0,3.69828,20.5345
0.0331209,65.0,3.46966,22.3837
-0.098659,66.0,3.40822,24.1185
0.000102401,67.0,3.27637,25.8226
0.0631709,68.0,2.90603,27.4608
-0.00692683,69.0,2.96034,28.9138
-0.150069,70.0,3.1609,30.394
-0.0649436,71.0,3.30164,31.9744
-0.166683,72.0,3.28136,33.6253
-0.142509,73.0,3.32256,35.2659
-0.0760339,74.0,2.93974,36.9272
-0.0675829,75.0,2.64429,38.3971
0.0315411,76.0,2.33201,39.7192
-0.211156,77.0,2.63022,40.8852
-0.137193,78.0,2.71013,42.2004
-0.0413271,79.0,2.00129,43.5554
-0.0755326,80.0,2.01364,44.5561
0.0385659,81.0,1.56452,45.5629
0.0755638,82.0,1.64746,46.3451
-0.00133252,83.0,1.70698,47.1689
-0.00260127,84.0,1.79482,48.0224
0.0327069,85.0,1.65729,48.9198
-0.0478972,86.0,1.74326,49.7484
0.191661,87.0,1.08351,50.62
0.103296,88.0,1.03353,51.1618
0.102854,89.0,1.20032,51.6786
0.0154194,90.0,1.25688,52.2787
0.00705075,91.0,1.06634,52.9072
0.146326,92.0,0.61875,53.4403
0.357832,93.0,0.497005,53.7497
0.336993,94.0,0.732057,53.9982
0.366174,95.0,0.79648,54.3642
-0.0244356,96.0,1.3017,54.7625
-0.495756,97.0,1.22218,55.4133
0.000683308,98.0,1.08199,56.0244
-0.00058794,99.0,1.0299,56.5654
-0.211852,0.0,2.29221,55.1454
-0.338945,1.0,2.28686,56.2915
-0.337543,2.0,1.88353,57.4349
-0.24261,3.0,1.66656,58.3767
-0.287526,4.0,1.60673,59.21
-0.22289,5.0,1.29744,60.0134
-0.190112,6.0,1.19129,60.6621
-0.358728,7.0,1.22955,61.2577
-0.307403,8.0,0.94528,61.8725
-0.262896,9.0,0.529217,62.3451
-0.305428,10.0,0.517236,62.6097
-0.319749,11.0,0.226577,62.8684
-0.248826,12.0,0.118015,62.9816
-0.218499,13.0,-0.00972417,63.0407
-0.11198,14.0,-0.269129,63.0358
-0.277108,15.0,-0.521608,62.9012
-0.214201,16.0,-0.464352,62.6404
-0.202977,17.0,-0.643435,62.4082
-0.156184,18.0,-0.650404,62.0865
-0.137876,19.0,-0.667419,61.7613
-0.274646,20.0,-0.493532,61.4276
-0.173811,21.0,-0.851608,61.1809
-0.336611,22.0,-0.795065,60.755
-0.0965932,23.0,-0.779875,60.3575
-0.138073,24.0,-1.10031,59.9676
-0.186353,25.0,-1.49764,59.4174
-0.135899,26.0,-1.63169,58.6686
-0.0936388,27.0,-1.72431,57.8528
-0.219923,28.0,-1.71454,56.9906
-0.265043,29.0,-1.6712,56.1333
-0.282322,30.0,-1.72489,55.2977
-0.140587,31.0,-1.61414,54.4353
-0.209755,32.0,-1.6713,53.6282
-0.213643,33.0,-2.18526,52.7926
-0.0890924,34.0,-2.1075,51.6999
-0.0606633,35.0,-1.9758,50.6462
-0.19635,36.0,-1.69724,49.6583
-0.216001,37.0,-1.87495,48.8097
-0.320132,38.0,-1.99853,47.8722
-0.139654,39.0,-2.18738,46.8729
-0.153812,40.0,-2.24802,45.7792
-0.0731881,41.0,-2.25556,44.6552
-0.0203741,42.0,-2.28875,43.5275
-0.151791,43.0,-2.23193,42.3831
-0.13671,44.0,-2.31712,41.2671
-0.199865,45.0,-2.46716,40.1086
-0.0111696,46.0,-2.83551,38.875
-0.0379505,47.0,-2.78341,37.4572
-0.165908,48.0,-2.66673,36.0655
-0.181146,49.0,-2.86776,34.7322
0.0357163,50.0,-3.14503,33.2983
-0.186498,51.0,-2.38303,31.7258
-0.0941948,52.0,-2.50484,30.5342
-0.234551,53.0,-2.44832,29.2818
-0.144411,54.0,-2.57904,28.0577
-0.0607635,55.0,-2.41872,26.7681
-0.0563335,56.0,-2.59199,25.5588
0.0543268,57.0,-3.06014,24.2628
0.0927355,58.0,-3.11796,22.7327
-0.0266643,59.0,-2.76655,21.1737
-0.0107482,60.0,-2.64346,19.7905
-0.00255871,61.0,-2.64852,18.4687
-0.0913712,62.0,-2.271,17.1445
-0.156767,63.0,-2.04448,16.009
-0.0897244,64.0,-2.28643,14.9867
-0.021434,65.0,-2.50028,13.8435
-0.0101585,66.0,-2.52181,12.5934
-0.0359821,67.0,-2.56312,11.3325
-0.0915003,68.0,-2.45943,10.0509
-0.0225057,69.0,-2.67306,8.8212
0.0319055,70.0,-2.21423,7.48467
0.0589535,71.0,-2.14559,6.37756
-0.20333,72.0,-1.8339,5.30476
-0.147308,73.0,-1.77749,4.38781
-0.180246,74.0,-1.6213,3.49907
-0.242256,75.0,-1.55122,2.68842
-0.138903,76.0,-1.2879,1.91281
-0.315217,77.0,-1.32302,1.26886
-0.0278415,78.0,-1.52251,0.607348
-0.210251,79.0,-1.46285,-0.153907
-0.325105,80.0,-1.24965,-0.885334
-0.226158,81.0,-1.19192,-1.51016
-0.0871859,82.0,-1.40248,-2.10612
-0.237135,83.0,-1.48385,-2.80736
0.0674382,84.0,-1.95749,-3.54929
-0.0738415,85.0,-1.89356,-4.52803
0.00884306,86.0,-2.08274,-5.47481
0.194476,87.0,-2.15859,-6.51618
0.351556,88.0,-2.40735,-7.59548
0.377297,89.0,-2.11462,-8.79915
0.361991,90.0,-2.08505,-9.85646
0.38161,91.0,-1.68269,-10.899
0.291966,92.0,-1.62223,-11.7403
0.296306,93.0,-1.05321,-12.5514
0.0830799,94.0,-0.717791,-13.078
0.228809,95.0,-0.374688,-13.4369
0.224684,96.0,-0.182474,-13.6243
0.375304,97.0,0.0727383,-13.7155
0.000545144,98.0,-0.0137489,-13.6791
-0.000688553,99.0,-0.0567775,-13.686
0.149018,0.0,-0.0562668,-41.6758
0.160347,1.0,0.0484462,-41.7039
0.0505325,2.0,0.261795,-41.6797
0.0259322,3.0,0.798257,-41.5488
0.19688,4.0,0.639348,-41.1497
0.199146,5.0,0.732437,-40.83
0.142705,6.0,0.697638,-40.4638
0.227741,7.0,0.617832,-40.115
0.186235,8.0,0.431081,-39.806
0.138098,9.0,0.436401,-39.5905
0.219419,10.0,0.439607,-39.3723
0.163485,11.0,0.911329,-39.1525
0.0845636,12.0,1.36216,-38.6968
-0.0668653,13.0,1.70163,-38.0157
-0.0308827,14.0,1.8012,-37.1649
0.107231,15.0,1.65424,-36.2643
-0.0984018,16.0,2.25591,-35.4372
-0.0677859,17.0,2.17528,-34.3093
0.077221,18.0,2.23493,-33.2216
-0.0875378,19.0,2.7078,-32.1041
-0.0450479,20.0,2.51993,-30.7502
-0.104412,21.0,2.37637,-29.4903
-0.0413648,22.0,1.92711,-28.3021
-0.00557256,23.0,1.64351,-27.3385
-0.0469905,24.0,1.71805,-26.5168
0.0437195,25.0,1.20902,-25.6578
0.20149,26.0,1.23513,-25.0533
0.00946367,27.0,1.08745,-24.4357
0.0945183,28.0,0.970902,-23.892
0.110848,29.0,1.15472,-23.4065
-0.0564051,30.0,1.62778,-22.8292
-0.0341555,31.0,1.96153,-22.0153
0.121755,32.0,1.81368,-21.0345
0.0381507,33.0,1.7515,-20.1277
0.0547017,34.0,2.04052,-19.2519
0.0545802,35.0,2.06983,-18.2317
-0.00305039,36.0,2.00188,-17.1967
-0.00934684,37.0,2.53289,-16.1958
0.056201,38.0,2.42721,-14.9294
-0.167473,39.0,2.37165,-13.7157
0.00183916,40.0,2.16522,-12.5299
-0.179991,41.0,2.6273,-11.4473
-0.171331,42.0,2.31224,-10.1337
-0.20537,43.0,2.3544,-8.97755
-0.116301,44.0,1.7761,-7.80035
0.0709234,45.0,1.41665,-6.9123
-0.0663694,46.0,1.71999,-6.20397
-0.0231501,47.0,1.92183,-5.34398
-0.0313842,48.0,2.14746,-4.38306
0.0229422,49.0,2.12981,-3.30934
-0.0786781,50.0,2.38529,-2.24443
-0.236317,51.0,2.69959,-1.05178
-0.11524,52.0,2.63484,0.298011
-0.274831,53.0,2.68055,1.61543
-0.0504398,54.0,2.26813,2.9557
-0.0286474,55.0,1.5907,4.08977
-0.18461,56.0,1.78644,4.88512
-0.133602,57.0,1.88766,5.77834
-0.0392956,58.0,1.97142,6.72217
-0.106283,59.0,2.32262,7.70788
-0.146736,60.0,2.52052,8.86919
-0.338621,61.0,2.69167,10.1294
-0.282651,62.0,2.31294,11.4753
-0.190829,63.0,2.37948,12.6318
-0.313378,64.0,2.05094,13.8215
-0.114278,65.0,2.02698,14.847
-0.123402,66.0,2.17528,15.8605
-0.0515,67.0,2.02856,16.9481
-0.14025,68.0,2.25681,17.9624
-0.204018,69.0,1.7683,19.0908
-0.135434,70.0,1.6769,19.9749
-0.0959907,71.0,1.62155,20.8134
-0.379531,72.0,1.4534,21.6241
-0.298478,73.0,1.38348,22.3509
-0.229618,74.0,1.17115,23.0426
-0.131357,75.0,1.729,23.6282
-0.316847,76.0,1.51518,24.4927
-0.379962,77.0,1.42586,25.2503
-0.30545,78.0,1.49142,25.9632
-0.467034,79.0,1.42843,26.7089
-0.492828,80.0,0.969413,27.4231
-0.308681,81.0,0.821716,27.9078
-0.209485,82.0,1.04777,28.3187
-0.246775,83.0,0.768773,28.8426
-0.412832,84.0,0.696718,29.2269
-0.56687,85.0,0.861355,29.5753
-0.467559,86.0,1.06556,30.006
-0.28653,87.0,0.192382,30.5388
-0.385706,88.0,0.20032,30.635
-0.433336,89.0,0.382019,30.7351
-0.423387,90.0,0.462517,30.9261
-0.506297,91.0,0.490845,31.1574
-0.565464,92.0,0.310837,31.4028
-0.459633,93.0,0.106849,31.5582
-0.597056,94.0,0.00982796,31.6116
-0.331946,95.0,-0.179254,31.6166
-0.456269,96.0,-0.582553,31.5269
-0.0784241,97.0,-0.729246,31.2357
-0.0406418,98.0,-0.401663,30.871
-0.0177125,99.0,-0.37762,30.6702
0.326112,0.0,-1.18761,-63.7655
0.254654,1.0,-1.24257,-64.3593
0.156556,2.0,-1.30597,-64.9806
0.105529,3.0,-0.925856,-65.6336
0.273317,4.0,-0.563,-66.0965
0.284103,5.0,-0.790856,-66.378
0.307819,6.0,-0.897449,-66.7734
0.0325072,7.0,-0.703244,-67.2222
0.305991,8.0,-0.883032,-67.5738
0.16541,9.0,-0.710533,-68.0153
0.339928,10.0,-0.354934,-68.3706
0.298749,11.0,-0.251113,-68.548
0.282846,12.0,-0.1863,-68.6736
0.174382,13.0,0.117738,-68.7667
0.309716,14.0,0.434658,-68.7079
0.256869,15.0,0.384937,-68.4905
0.178254,16.0,0.375081,-68.2981
0.264007,17.0,0.555234,-68.1105
0.271376,18.0,0.619514,-67.8329
0.230268,19.0,0.819688,-67.5232
0.171881,20.0,0.808081,-67.1133
0.259233,21.0,0.864452,-66.7093
0.305617,22.0,1.0721,-66.277
0.189212,23.0,1.09638,-65.741
0.269457,24.0,1.14488,-65.1928
0.191776,25.0,1.53896,-64.6204
0.116741,26.0,1.96677,-63.8509
0.158818,27.0,2.07692,-62.8675
0.127519,28.0,1.8594,-61.829
0.175971,29.0,1.89777,-60.8993
0.109567,30.0,1.93744,-59.9505
0.0834312,31.0,1.89341,-58.9817
0.0630087,32.0,2.28074,-58.035
0.188771,33.0,2.44274,-56.8947
0.127514,34.0,2.38681,-55.6733
0.051513,35.0,2.67404,-54.4799
0.134558,36.0,2.66489,-53.1429
0.157431,37.0,2.80228,-51.8104
0.00932145,38.0,3.14436,-50.4093
0.101099,39.0,3.13987,-48.8371
0.0902551,40.0,3.3468,-47.2672
0.0697229,41.0,3.0327,-45.5938
-0.0580891,42.0,2.78685,-44.0774
0.151286,43.0,2.37425,-42.684
0.17768,44.0,2.13251,-41.4969
0.241551,45.0,2.10247,-40.4306
0.102062,46.0,2.01171,-39.3794
0.243489,47.0,2.32779,-38.3735
0.248435,48.0,2.29401,-37.2096
0.0383728,49.0,3.03341,-36.0626
0.060879,50.0,2.5952,-34.5459
0.0447358,51.0,2.59827,-33.2483
0.238698,52.0,2.45328,-31.9492
-0.0554282,53.0,2.5624,-30.7225
0.0524683,54.0,2.25191,-29.4413
0.120802,55.0,2.15549,-28.3154
0.0585825,56.0,2.10097,-27.2376
0.183902,57.0,1.81487,-26.1871
0.317049,58.0,1.89654,-25.2797
0.091496,59.0,2.11729,-24.3314
0.118112,60.0,2.33264,-23.2728
0.0774688,61.0,2.57071,-22.1065
0.139748,62.0,2.31109,-20.8211
0.11819,63.0,2.52842,-19.6656
0.131696,64.0,2.68786,-18.4014
0.0716126,65.0,2.76655,-17.0574
0.084515,66.0,2.7773,-15.6742
-0.074918,67.0,2.83486,-14.2855
-0.0702762,68.0,2.51246,-12.8681
0.0688267,69.0,2.39104,-11.6119
-0.0326691,70.0,2.19524,-10.4163
-0.0965645,71.0,2.26539,-9.31872
-0.00725782,72.0,2.15352,-8.18602
-0.131502,73.0,2.37332,-7.10926
-0.0385924,74.0,2.2491,-5.9226
-0.0169635,75.0,2.06347,-4.79805
0.00309741,76.0,2.01085,-3.76631
0.0729227,77.0,1.95067,-2.76089
-0.0583144,78.0,1.91225,-1.78555
-0.0403937,79.0,1.96728,-0.829429
-0.0564826,80.0,1.7339,0.154209
-0.0265925,81.0,1.9716,1.02116
-0.0892844,82.0,1.94472,2.00696
-0.347547,83.0,2.71995,2.97932
-0.235359,84.0,2.26916,4.3393
-0.253034,85.0,2.19355,5.47388
-0.242858,86.0,1.97863,6.57065
-0.30636,87.0,1.8558,7.55997
-0.332381,88.0,1.99335,8.48787
-0.376448,89.0,1.70999,9.48455
-0.476107,90.0,1.73054,10.3395
-0.399601,91.0,1.2097,11.2048
-0.548198,92.0,1.15813,11.8097
-0.446551,93.0,0.668406,12.3887
-0.232475,94.0,0.250995,12.7229
-0.37221,95.0,-0.220532,12.8484
-0.526372,96.0,0.0377393,12.7382
-0.50481,97.0,-0.231096,12.757
0.00466669,98.0,-0.314541,12.6415
0.00441074,99.0,-0.340526,12.4842
0.025853,0.0,2.23137,-26.9057
0.0930055,1.0,1.82473,-25.79
0.0809451,2.0,1.85864,-24.8777
-0.0679854,3.0,2.01671,-23.9483
-0.0390292,4.0,1.9095,-22.94
0.114461,5.0,1.87631,-21.9852
0.0177853,6.0,1.98277,-21.0471
-0.112773,7.0,2.34352,-20.0557
0.0722803,8.0,2.02032,-18.8839
0.0229695,9.0,2.25787,-17.8738
-0.188784,10.0,2.20599,-16.7448
0.0238131,11.0,1.64218,-15.6418
-0.129271,12.0,1.94442,-14.8207
0.00695014,13.0,1.53546,-13.8485
-0.131869,14.0,1.7594,-13.0808
0.0386716,15.0,1.77007,-12.2011
-0.0240033,16.0,1.97171,-11.3161
-0.0794888,17.0,2.20226,-10.3302
-0.153108,18.0,2.20063,-9.22908
-0.0546083,19.0,1.83185,-8.12877
-0.0692083,20.0,1.45066,-7.21284
-0.0576618,21.0,1.29241,-6.48751
-0.0645192,22.0,1.10095,-5.84131
0.0824336,23.0,1.10723,-5.29084
-0.0632361,24.0,1.22417,-4.73722
-0.0327309,25.0,1.10517,-4.12514
0.100358,26.0,1.03153,-3.57255
-0.00908369,27.0,0.526936,-3.05679
0.076575,28.0,1.17752,-2.79332
-0.0630775,29.0,1.32284,-2.20456
-0.121011,30.0,1.41818,-1.54314
-0.0715817,31.0,1.49696,-0.834056
-0.0612441,32.0,1.31309,-0.0855777
-0.0487816,33.0,0.837341,0.570967
-0.109382,34.0,0.995207,0.989637
0.0553178,35.0,0.831646,1.48724
0.0924935,36.0,0.741413,1.90306
-0.0121896,37.0,0.594868,2.27377
-0.0689235,38.0,0.577207,2.5712
-0.0801852,39.0,0.638187,2.85981
-0.0777337,40.0,0.710707,3.1789
0.0935092,41.0,0.320699,3.53425
0.190632,42.0,0.330698,3.6946
0.0753032,43.0,0.434279,3.85995
0.110082,44.0,0.269816,4.07709
-0.00691038,45.0,-0.139001,4.212
-0.0264856,46.0,-0.456005,4.1425
0.215881,47.0,-0.331092,3.9145
0.145618,48.0,0.0266216,3.74895
0.124079,49.0,-0.132328,3.76226
0.102448,50.0,-0.408493,3.6961
0.0178065,51.0,-0.483081,3.49185
0.143121,52.0,-0.294208,3.25031
-0.0203887,53.0,-0.177082,3.10321
0.0763283,54.0,-0.105138,3.01467
0.200387,55.0,0.00763264,2.9621
0.217838,56.0,0.0150107,2.96591
0.104352,57.0,0.411097,2.97342
-0.0288526,58.0,0.596065,3.17897
0.124521,59.0,0.316792,3.477
0.121068,60.0,0.674144,3.6354
0.0380468,61.0,0.694631,3.97247
0.0417948,62.0,0.611863,4.31978
-0.00337982,63.0,0.710051,4.62571
0.268448,64.0,0.474884,4.98074
0.00864005,65.0,0.505698,5.21818
0.160182,66.0,0.380197,5.47103
0.108218,67.0,0.524224,5.66113
0.0696495,68.0,0.723415,5.92324
0.236486,69.0,0.643309,6.28495
0.0493261,70.0,0.638396,6.6066
0.258807,71.0,0.648678,6.9258
0.285087,72.0,0.686953,7.25014
0.151923,73.0,0.553592,7.59362
0.233722,74.0,0.414213,7.87041
0.0208764,75.0,0.972427,8.07752
0.0517496,76.0,1.14825,8.56373
0.140281,77.0,1.02689,9.13786
0.107268,78.0,1.34053,9.65131
0.0160211,79.0,1.76738,10.3216
-0.293742,80.0,2.42305,11.2053
-0.29455,81.0,1.93619,12.4168
-0.122827,82.0,1.83688,13.3849
-0.277653,83.0,1.7908,14.3033
-0.231702,84.0,1.85202,15.1987
-0.317319,85.0,1.87847,16.1247
-0.349311,86.0,1.62878,17.064
-0.260849,87.0,1.04671,17.8784
-0.170754,88.0,0.838309,18.4017
-0.00869048,89.0,0.665614,18.8209
-0.0146326,90.0,0.205059,19.1537
-0.210321,91.0,0.497636,19.2562
-0.102089,92.0,0.333777,19.505
-0.203966,93.0,0.487644,19.6719
-0.0987371,94.0,0.305645,19.9157
-0.463996,95.0,0.418505,20.0686
-0.233072,96.0,0.414166,20.2778
-0.240628,97.0,0.684737,20.4849
-0.0011726,98.0,0.461641,20.8273
-0.00207776,99.0,0.390831,21.0581
-0.0108441,0.0,0.00902525,-74.7871
0.172879,1.0,-0.183335,-74.7826
0.285137,2.0,-0.169042,-74.8743
0.158304,3.0,0.0369369,-74.9588
0.138006,4.0,0.407717,-74.9403
0.280827,5.0,0.864305,-74.7364
0.0129972,6.0,1.1354,-74.3043
0.264165,7.0,1.27842,-73.7366
0.18716,8.0,1.59551,-73.0974
0.104252,9.0,1.72903,-72.2996
0.175468,10.0,1.93958,-71.4351
-0.0139673,11.0,2.05412,-70.4653
0.0503577,12.0,2.1509,-69.4382
0.178979,13.0,2.1797,-68.3628
0.0726615,14.0,2.10467,-67.2729
0.0936234,15.0,1.65829,-66.2206
0.121091,16.0,1.77068,-65.3915
0.139412,17.0,1.80969,-64.5061
0.175825,18.0,2.10755,-63.6013
0.0483733,19.0,2.06487,-62.5475
0.260371,20.0,2.14926,-61.5151
0.0683992,21.0,2.31592,-60.4404
0.0923322,22.0,2.36434,-59.2825
0.0586101,23.0,1.89113,-58.1003
0.142395,24.0,2.03307,-57.1548
0.0971036,25.0,2.04,-56.1382
0.241996,26.0,2.10355,-55.1182
0.244631,27.0,2.34252,-54.0664
0.183985,28.0,2.41992,-52.8952
0.240323,29.0,2.67583,-51.6852
0.0580744,30.0,2.40834,-50.3473
0.171721,31.0,2.57812,-49.1431
0.051784,32.0,2.71121,-47.8541
0.0763152,33.0,2.35271,-46.4985
0.195586,34.0,2.2091,-45.3221
0.246631,35.0,2.50909,-44.2176
0.194145,36.0,2.77888,-42.963
0.00286019,37.0,3.34868,-41.5736
0.148663,38.0,3.12894,-39.8992
-0.0841175,39.0,3.55743,-38.3348
0.0183532,40.0,3.58077,-36.5561
-0.100243,41.0,3.62707,-34.7657
-0.128029,42.0,3.89707,-32.9521
-0.184731,43.0,4.06995,-31.0036
-0.275288,44.0,4.18511,-28.9686
-0.0736693,45.0,4.39423,-26.8761
-0.230337,46.0,4.62486,-24.679
-0.275141,47.0,4.62394,-22.3665
-0.315063,48.0,4.58484,-20.0546
-0.225557,49.0,4.95002,-17.7621
-0.232256,50.0,4.51859,-15.2871
-0.319213,51.0,4.15701,-13.0278
-0.202973,52.0,4.06311,-10.9493
-0.21802,53.0,3.79601,-8.91777
-0.313824,54.0,3.70625,-7.01976
-0.191037,55.0,3.42732,-5.16664
-0.287626,56.0,3.30551,-3.45297
0.00270665,57.0,3.16295,-1.80022
-0.253034,58.0,2.97526,-0.218744
-0.257628,59.0,2.79472,1.26889
-0.100092,60.0,2.39116,2.66625
-0.245886,61.0,2.62857,3.86183
-0.193634,62.0,2.58841,5.17611
-0.225271,63.0,2.84423,6.47032
-0.170627,64.0,2.38513,7.89243
-0.150248,65.0,2.02098,9.085
-0.213488,66.0,1.87564,10.0955
-0.0881284,67.0,1.93533,11.0333
-0.261945,68.0,1.80715,12.001
-0.200079,69.0,1.70909,12.9045
-0.313047,70.0,1.87183,13.7591
-0.265281,71.0,2.30532,14.695
-0.143489,72.0,1.75112,15.8477
-0.128819,73.0,1.77044,16.7232
-0.435858,74.0,2.01414,17.6085
-0.0496225,75.0,1.67505,18.6155
-0.264297,76.0,1.87972,19.453
-0.284079,77.0,1.69528,20.3929
-0.331665,78.0,1.29257,21.2405
-0.24254,79.0,1.04095,21.8868
-0.316743,80.0,0.943984,22.4073
-0.150495,81.0,0.929325,22.8793
-0.247758,82.0,0.92171,23.344
-0.461258,83.0,0.996713,23.8048
-0.414671,84.0,0.610372,24.3032
-0.30233,85.0,0.164185,24.6084
-0.140082,86.0,-0.269196,24.6904
0.00388134,87.0,-0.350108,24.5558
-0.157304,88.0,-0.834551,24.3808
-0.132914,89.0,-1.18552,23.9635
0.122278,90.0,-1.50672,23.3708
-0.0215566,91.0,-1.1761,22.6174
-0.128988,92.0,-0.924306,22.0294
0.211857,93.0,-1.31152,21.5672
0.40718,94.0,-1.48171,20.9114
0.430744,95.0,-1.40811,20.1706
0.374992,96.0,-1.36767,19.4665
0.233743,97.0,-1.25507,18.7827
-0.00120163,98.0,-1.33871,18.1552
-0.00280237,99.0,-1.16025,17.4858
0.464787,0.0,-0.841747,-179.344
0.476134,1.0,-0.628893,-179.764
0.436797,2.0,-0.36088,-180.079
0.414811,3.0,-0.0130771,-180.259
0.418981,4.0,0.0904702,-180.266
0.409944,5.0,0.415884,-180.221
0.463528,6.0,0.43607,-180.013
0.321731,7.0,0.674483,-179.795
0.499272,8.0,0.891705,-179.457
0.463905,9.0,1.10309,-179.012
0.405902,10.0,1.46647,-178.46
0.421761,11.0,1.54289,-177.727
0.497335,12.0,1.81341,-176.955
0.314186,13.0,1.99415,-176.049
0.415685,14.0,2.15921,-175.052
0.317567,15.0,2.46195,-173.972
0.48161,16.0,2.70558,-172.741
0.410571,17.0,2.81108,-171.388
0.451371,18.0,3.00976,-169.983
0.432849,19.0,3.34227,-168.478
0.393442,20.0,3.63774,-166.807
0.295739,21.0,4.05278,-164.988
0.370586,22.0,4.49335,-162.961
0.377906,23.0,4.87248,-160.715
0.392449,24.0,4.70019,-158.278
0.320629,25.0,4.82369,-155.928
0.37885,26.0,4.7721,-153.516
0.457668,27.0,5.07488,-151.13
0.35202,28.0,5.51802,-148.593
0.405013,29.0,6.15334,-145.834
0.314284,30.0,6.45503,-142.757
0.306281,31.0,6.47577,-139.53
0.291952,32.0,7.06085,-136.292
0.0721047,33.0,7.22001,-132.761
0.221759,34.0,6.95075,-129.151
0.323845,35.0,7.09696,-125.676
0.238095,36.0,7.41499,-122.128
0.000738859,37.0,7.41956,-118.42
0.0441842,38.0,7.30512,-114.71
0.235342,39.0,7.33152,-111.058
0.15835,40.0,7.16049,-107.392
0.00959182,41.0,7.23467,-103.812
0.09674,42.0,7.44454,-100.194
0.0651933,43.0,7.30142,-96.4722
0.0305696,44.0,7.5441,-92.8215
-0.0713339,45.0,7.68247,-89.0494
-0.161508,46.0,7.30646,-85.2082
0.0791149,47.0,7.23462,-81.555
0.0803083,48.0,7.17193,-77.9377
0.0269382,49.0,7.00562,-74.3517
-0.256522,50.0,7.41454,-70.8489
0.0326262,51.0,7.04394,-67.1416
-0.0348742,52.0,7.02575,-63.6197
-0.174706,53.0,6.91177,-60.1068
-0.262803,54.0,7.06384,-56.6509
-0.308575,55.0,7.0793,-53.119
-0.224323,56.0,6.46365,-49.5793
-0.137545,57.0,6.57248,-46.3475
-0.323126,58.0,6.53654,-43.0613
-0.193009,59.0,5.92313,-39.793
-0.208451,60.0,6.02887,-36.8314
-0.30091,61.0,6.10794,-33.817
-0.0944062,62.0,5.61517,-30.763
-0.181227,63.0,5.67196,-27.9554
-0.149028,64.0,5.48859,-25.1194
-0.173581,65.0,5.24383,-22.3752
-0.238428,66.0,5.15446,-19.7532
-0.293266,67.0,4.81626,-17.176
-0.311001,68.0,4.84188,-14.7679
-0.097226,69.0,4.44213,-12.3469
-0.190235,70.0,4.70063,-10.1259
-0.309946,71.0,4.84651,-7.77557
-0.436429,72.0,5.08015,-5.35231
-0.38977,73.0,5.47611,-2.81224
-0.225852,74.0,5.05654,-0.0741806
-0.486083,75.0,4.9082,2.45409
-0.353323,76.0,4.48147,4.90819
-0.318233,77.0,4.22707,7.14892
-0.317819,78.0,4.26208,9.26246
-0.514315,79.0,4.25954,11.3935
-0.389517,80.0,3.85139,13.5233
-0.440879,81.0,3.3007,15.449
-0.369631,82.0,3.5012,17.0993
-0.417248,83.0,2.97368,18.8499
-0.429933,84.0,2.41323,20.3368
-0.402986,85.0,1.8694,21.5434
-0.35078,86.0,1.53525,22.4781
-0.365524,87.0,1.82647,23.2457
-0.451967,88.0,1.63961,24.1589
-0.364726,89.0,1.57074,24.9787
-0.496374,90.0,1.08932,25.7641
-0.482782,91.0,0.91892,26.3088
-0.621936,92.0,0.752609,26.7682
-0.496183,93.0,0.700432,27.1445
-0.36036,94.0,0.644425,27.4947
-0.472977,95.0,0.703968,27.817
-0.515984,96.0,0.361771,28.1689
-0.522836,97.0,0.333414,28.3498
0.00628471,98.0,-0.0188019,28.5165
-0.0180705,99.0,0.00621131,28.5071
-0.0300767,0.0,-0.988779,25.657
-0.221716,1.0,-0.688883,25.1627
-0.17101,2.0,-1.14289,24.8182
0.00691354,3.0,-1.19118,24.2468
-0.141313,4.0,-1.21119,23.6512
-0.0244523,5.0,-1.09027,23.0456
-0.0712855,6.0,-1.36206,22.5004
0.0355891,7.0,-1.08287,21.8194
0.0270422,8.0,-1.38534,21.278
-0.0327126,9.0,-1.05886,20.5853
-0.157838,10.0,-1.04802,20.0559
-0.0496294,11.0,-0.743251,19.5319
-0.0526869,12.0,-0.691957,19.1602
-0.0220962,13.0,-1.14909,18.8143
0.0434952,14.0,-1.37027,18.2397
0.0107517,15.0,-1.3573,17.5546
-0.0388758,16.0,-1.65021,16.8759
-0.143946,17.0,-1.88769,16.0508
-0.0543997,18.0,-2.05312,15.107
0.0762362,19.0,-2.42219,14.0804
0.0973804,20.0,-2.1855,12.8693
-0.0205444,21.0,-2.44343,11.7766
0.0884544,22.0,-2.61728,10.5549
-0.0271739,23.0,-2.30241,9.24622
0.0690626,24.0,-2.60089,8.09502
0.0888548,25.0,-2.78354,6.79458
0.0042882,26.0,-2.77188,5.40281
0.0868201,27.0,-2.8392,4.01686
0.131487,28.0,-2.8651,2.59726
0.163119,29.0,-2.74572,1.16471
0.0544754,30.0,-2.75975,-0.208147
0.128431,31.0,-2.66103,-1.58802
0.00250685,32.0,-2.34618,-2.91854
0.0460243,33.0,-2.09968,-4.09163
-0.0283827,34.0,-2.09041,-5.14147
-0.0134529,35.0,-2.55366,-6.18667
-0.0258833,36.0,-2.63299,-7.4635
0.174928,37.0,-3.11018,-8.78
0.0550536,38.0,-3.20859,-10.3351
0.121029,39.0,-3.00455,-11.9394
0.166982,40.0,-2.6516,-13.4417
0.199165,41.0,-2.63436,-14.7675
0.0985535,42.0,-2.61216,-16.0846
0.0946633,43.0,-2.43892,-17.3907
-0.0305735,44.0,-1.95857,-18.6102
0.190055,45.0,-2.27768,-19.5895
-0.0190224,46.0,-2.52593,-20.7283
0.157025,47.0,-2.2075,-21.9913
0.0264628,48.0,-2.04929,-23.095
0.0520041,49.0,-1.94523,-24.1197
0.0165813,50.0,-1.71468,-25.0923
0.113292,51.0,-1.52241,-25.9496
-0.0149201,52.0,-1.47456,-26.7108
0.143516,53.0,-1.89734,-27.4481
0.192738,54.0,-1.75149,-28.3968
0.0849249,55.0,-1.79516,-29.2725
0.141409,56.0,-1.68367,-30.1701
0.176603,57.0,-1.79869,-31.0119
0.159147,58.0,-1.47829,-31.9113
0.0561558,59.0,-1.58069,-32.6504
0.00957787,60.0,-1.33897,-33.4408
0.10083,61.0,-2.09486,-34.1103
0.0395489,62.0,-2.05662,-35.1577
0.135676,63.0,-2.04699,-36.186
0.0352408,64.0,-2.18504,-37.2095
0.0561522,65.0,-2.153,-38.302
0.117193,66.0,-1.85207,-39.3785
0.154276,67.0,-1.73991,-40.3046
0.147048,68.0,-1.42242,-41.1745
0.138348,69.0,-0.734958,-41.8857
0.300755,70.0,-1.08644,-42.2532
0.0337167,71.0,-0.447287,-42.7964
0.105027,72.0,-0.408728,-43.0201
-0.00610298,73.0,-0.0186347,-43.2244
0.0981685,74.0,-0.328393,-43.2337
0.107824,75.0,0.241799,-43.3979
-0.0604916,76.0,0.397997,-43.277
0.134893,77.0,0.104707,-43.078
0.00340307,78.0,0.243126,-43.0257
0.0406665,79.0,0.229184,-42.9041
-0.0400346,80.0,0.128323,-42.7895
0.23015,81.0,-0.121774,-42.7254
0.237465,82.0,0.005968,-42.7863
0.0737026,83.0,0.269121,-42.7833
-0.0111886,84.0,0.432715,-42.6487
0.0223837,85.0,0.467694,-42.4324
0.143746,86.0,0.326637,-42.1985
-0.020098,87.0,0.75949,-42.0352
-0.193296,88.0,1.26002,-41.6554
-0.205413,89.0,1.30318,-41.0254
-0.372748,90.0,1.24778,-40.3738
-0.222813,91.0,1.06606,-39.75
-0.162868,92.0,0.997215,-39.2169
-0.516959,93.0,0.943634,-38.7183
-0.383203,94.0,0.43644,-38.2465
-0.510228,95.0,0.682169,-38.0283
-0.420626,96.0,0.614887,-37.6872
-0.29548,97.0,0.3071,-37.3797
-0.00409305,98.0,0.367881,-37.2262
0.00373447,99.0,-0.0239027,-37.0423
0.275461,0.0,-0.156434,-87.8108
0.215553,1.0,-0.255901,-87.889
0.336114,2.0,-0.179658,-88.017
0.329316,3.0,0.032989,-88.1068
0.342181,4.0,0.311332,-88.0903
0.0836415,5.0,0.0814693,-87.9346
0.36421,6.0,-0.264984,-87.8939
0.27531,7.0,-0.112976,-88.0264
0.0932342,8.0,0.203733,-88.0829
0.185304,9.0,0.236005,-87.981
0.110366,10.0,0.544379,-87.863
0.224224,11.0,0.954422,-87.5908
0.210203,12.0,0.710796,-87.1136
-0.00639898,13.0,0.722604,-86.7582
0.178487,14.0,0.703456,-86.3969
0.326926,15.0,0.870798,-86.0452
0.308853,16.0,0.82045,-85.6098
0.17393,17.0,0.916006,-85.1995
0.284131,18.0,1.34312,-84.7415
0.0997595,19.0,1.56907,-84.07
0.215846,20.0,1.71633,-83.2855
0.0996461,21.0,1.69741,-82.4273
0.342629,22.0,1.39231,-81.5786
0.104389,23.0,1.75408,-80.8824
0.278916,24.0,1.31591,-80.0054
0.221979,25.0,1.69726,-79.3475
0.276821,26.0,1.82317,-78.4988
0.127003,27.0,2.29626,-77.5872
0.0831915,28.0,2.26261,-76.4391
0.204852,29.0,2.05684,-75.3078
0.22053,30.0,2.04171,-74.2794
0.187586,31.0,1.83275,-73.2585
0.266673,32.0,1.66598,-72.3421
0.317643,33.0,2.11601,-71.5092
0.0981269,34.0,2.13139,-70.4511
0.296564,35.0,2.24791,-69.3855
0.250085,36.0,2.13123,-68.2615
0.119685,37.0,2.50981,-67.1959
0.220705,38.0,2.76555,-65.941
0.254327,39.0,2.61304,-64.5582
0.117124,40.0,2.54764,-63.2517
0.0920372,41.0,2.87029,-61.9779
0.159367,42.0,2.58311,-60.5427
0.292646,43.0,2.64314,-59.2512
0.087942,44.0,3.01975,-57.9296
0.182978,45.0,3.23354,-56.4197
0.189222,46.0,3.14547,-54.8029
0.031891,47.0,3.81036,-53.2302
-0.100978,48.0,3.91455,-51.325
0.00602865,49.0,3.70873,-49.3678
0.0822073,50.0,3.23452,-47.5134
0.0146395,51.0,3.11272,-45.8961
0.0326245,52.0,2.89285,-44.3398
0.0964683,53.0,3.08655,-42.8933
0.0692767,54.0,3.10829,-41.3501
0.0603819,55.0,3.0682,-39.7959
0.0873593,56.0,2.8066,-38.2618
0.112375,57.0,2.71086,-36.8585
0.188686,58.0,2.72999,-35.5031
0.144574,59.0,2.86761,-34.1381
-0.0261312,60.0,3.0896,-32.7043
-0.0247306,61.0,3.44165,-31.1595
-0.129522,62.0,3.25032,-29.4387
0.0190476,63.0,3.30674,-27.8135
-0.103106,64.0,3.37858,-26.1601
-0.2118,65.0,3.53686,-24.4709
-0.179471,66.0,3.48289,-22.7024
-0.194656,67.0,3.33337,-20.961
-0.123338,68.0,2.93658,-19.2943
-0.0496416,69.0,2.71294,-17.826
-0.101274,70.0,2.75793,-16.4695
-0.142014,71.0,3.02732,-15.0906
-0.0129818,72.0,2.59068,-13.5769
-0.151666,73.0,2.27427,-12.2816
0.0724894,74.0,2.22426,-11.1444
-0.0982649,75.0,2.40478,-10.0323
-0.219883,76.0,2.45773,-8.82991
-0.135578,77.0,2.22376,-7.60105
-0.0573886,78.0,2.2092,-6.48917
-0.21424,79.0,2.14888,-5.38457
-0.0759647,80.0,1.97045,-4.31013
-0.112694,81.0,1.83089,-3.32491
-0.251498,82.0,1.91873,-2.40946
-0.178703,83.0,1.77679,-1.4501
-0.226725,84.0,1.66486,-0.561706
-0.355158,85.0,1.63085,0.270724
-0.435557,86.0,2.15953,1.08615
-0.332193,87.0,2.16114,2.16592
-0.520322,88.0,2.15793,3.24649
-0.412692,89.0,1.87961,4.32545
-0.40505,90.0,2.012,5.26526
-0.490165,91.0,1.54642,6.27126
-0.486975,92.0,1.20013,7.04447
-0.607025,93.0,1.19317,7.64453
-0.422592,94.0,0.591796,8.24112
-0.502591,95.0,0.866555,8.53702
-0.477951,96.0,0.598835,8.97029
-0.531395,97.0,0.343207,9.26971
-0.00862497,98.0,-0.096561,9.44132
-0.00879681,99.0,-0.665501,9.39303
0.21234,0.0,-0.909008,-105.795
0.419639,1.0,-0.866543,-106.25
0.242352,2.0,-0.895465,-106.683
0.195241,3.0,-0.641697,-107.131
0.281346,4.0,-0.39738,-107.452
0.284368,5.0,-0.140204,-107.65
0.372556,6.0,0.285686,-107.72
0.271532,7.0,0.685235,-107.578
0.169924,8.0,0.757074,-107.235
0.302076,9.0,0.602213,-106.856
0.20791,10.0,0.973047,-106.555
0.196881,11.0,0.743726,-106.069
0.287741,12.0,0.831546,-105.697
0.2172,13.0,0.915581,-105.281
0.3801,14.0,1.1862,-104.823
0.368282,15.0,1.59242,-104.23
0.29824,16.0,1.57943,-103.434
0.245619,17.0,1.73318,-102.644
0.312811,18.0,1.8391,-101.778
0.220816,19.0,1.89363,-100.858
0.23202,20.0,1.95087,-99.9113
0.379891,21.0,2.27081,-98.9359
0.136408,22.0,3.09942,-97.8005
0.304246,23.0,3.21749,-96.2508
0.243961,24.0,3.72381,-94.642
0.134002,25.0,3.63241,-92.7801
0.183823,26.0,3.61911,-90.9639
0.26337,27.0,3.96605,-89.1543
0.109439,28.0,4.27414,-87.1713
0.218452,29.0,3.9501,-85.0342
0.0655159,30.0,4.05755,-83.0592
0.19895,31.0,4.50935,-81.0304
0.102718,32.0,4.59569,-78.7757
0.127133,33.0,4.5913,-76.4779
0.17682,34.0,4.73991,-74.1823
0.0529956,35.0,4.60155,-71.8123
0.193981,36.0,4.63056,-69.5115
0.285259,37.0,4.34237,-67.1962
0.035154,38.0,4.3967,-65.0251
0.0805745,39.0,4.32245,-62.8267
-0.00235409,40.0,4.72579,-60.6655
0.102967,41.0,4.6911,-58.3026
-0.0225445,42.0,4.84766,-55.957
-0.043452,43.0,4.82648,-53.5332
0.0648137,44.0,4.51986,-51.12
0.000766516,45.0,4.41038,-48.8601
0.123399,46.0,4.30252,-46.6549
0.0542372,47.0,4.04418,-44.5036
0.137287,48.0,4.24423,-42.4815
0.0148579,49.0,4.35273,-40.3594
0.0114906,50.0,4.23593,-38.183
-0.051716,51.0,4.49063,-36.0651
0.0083282,52.0,4.22332,-33.8198
-0.0360211,53.0,3.97375,-31.7081
0.0272213,54.0,4.064,-29.7212
-0.0736433,55.0,4.19909,-27.6892
-0.0875157,56.0,4.18455,-25.5897
-0.0115255,57.0,3.97016,-23.4974
-0.177978,58.0,4.26028,-21.5123
-0.161446,59.0,4.08802,-19.3822
-0.12536,60.0,3.78641,-17.3382
-0.0210007,61.0,3.40517,-15.445
0.000931025,62.0,3.56003,-13.7424
-0.149199,63.0,3.35328,-11.9624
-0.196402,64.0,3.45192,-10.2857
-0.136537,65.0,3.20683,-8.55976
0.132233,66.0,2.74425,-6.95635
0.0900766,67.0,2.64918,-5.58422
0.00711668,68.0,2.69703,-4.25963
0.00742471,69.0,2.74367,-2.91112
-0.00490278,70.0,2.87013,-1.53928
-0.0538105,71.0,2.57043,-0.104218
-0.12059,72.0,2.38914,1.181
-0.0756868,73.0,2.4324,2.37557
-0.0861676,74.0,2.57044,3.59177
-0.13495,75.0,2.66052,4.87698
-0.018832,76.0,2.35777,6.20725
-0.289708,77.0,2.62158,7.38613
-0.152673,78.0,2.69917,8.69692
-0.285939,79.0,2.67333,10.0465
-0.234756,80.0,2.53588,11.3832
-0.298971,81.0,2.37905,12.6511
-0.153128,82.0,2.14209,13.8406
-0.145135,83.0,1.84425,14.9117
-0.271861,84.0,1.83761,15.8338
-0.0842441,85.0,1.74952,16.7526
-0.428959,86.0,2.40405,17.6274
-0.476178,87.0,2.50275,18.8294
-0.468015,88.0,2.62205,20.0808
-0.399626,89.0,3.00335,21.3918
-0.523747,90.0,2.48731,22.8935
-0.420098,91.0,1.83738,24.1371
-0.472894,92.0,1.50236,25.0558
-0.590198,93.0,1.31498,25.807
-0.428143,94.0,1.17147,26.4645
-0.288148,95.0,0.783116,27.0502
-0.356665,96.0,0.961966,27.4418
-0.538664,97.0,0.55044,27.9228
-0.0330558,98.0,0.408129,28.198
-0.00978714,99.0,0.462476,28.402
0.310644,0.0,-0.153495,-142.122
0.391746,1.0,0.0949985,-142.198
0.351879,2.0,0.209115,-142.151
0.297351,3.0,0.359236,-142.046
0.244248,4.0,0.683179,-141.867
0.274012,5.0,0.566722,-141.525
0.260445,6.0,0.575305,-141.242
0.304136,7.0,0.760601,-140.954
0.388255,8.0,1.08584,-140.574
0.327919,9.0,1.41123,-140.031
0.422297,10.0,1.91828,-139.325
0.218421,11.0,2.05757,-138.366
0.299282,12.0,2.36463,-137.337
0.383174,13.0,2.6232,-136.155
0.38294,14.0,3.0456,-134.844
0.204842,15.0,2.85504,-133.321
0.331652,16.0,3.09448,-131.893
0.146525,17.0,3.43774,-130.346
0.13328,18.0,3.44391,-128.627
0.175594,19.0,3.92587,-126.905
0.310918,20.0,3.87077,-124.942
0.182667,21.0,3.86958,-123.007
0.156346,22.0,3.88133,-121.072
0.198313,23.0,3.79806,-119.131
0.283061,24.0,3.96879,-117.232
0.330019,25.0,3.90808,-115.248
0.254001,26.0,3.7961,-113.294
0.221146,27.0,3.79917,-111.396
0.279043,28.0,4.13433,-109.496
0.163685,29.0,4.50016,-107.429
0.180535,30.0,4.5601,-105.179
0.257722,31.0,4.67674,-102.899
0.0155959,32.0,5.07891,-100.561
0.114691,33.0,4.72928,-98.0212
0.165361,34.0,5.04905,-95.6565
0.116788,35.0,5.18881,-93.132
0.0908033,36.0,4.97918,-90.5376
-0.0164915,37.0,5.01758,-88.048
0.181117,38.0,5.05493,-85.5392
0.0474118,39.0,5.12363,-83.0118
0.223505,40.0,4.9763,-80.4499
0.211112,41.0,4.67999,-77.9618
0.0597057,42.0,4.8982,-75.6218
0.105106,43.0,4.67238,-73.1727
0.070612,44.0,5.1073,-70.8365
-0.0687072,45.0,5.18657,-68.2829
0.164173,46.0,4.97774,-65.6896
0.0892549,47.0,5.36951,-63.2007
-0.0735781,48.0,5.58458,-60.5159
-0.05238,49.0,5.74416,-57.7237
-0.153952,50.0,5.63475,-54.8516
-0.02431,51.0,5.55296,-52.0342
-0.150795,52.0,5.59645,-49.2577
-0.232119,53.0,5.46357,-46.4595
-0.129669,54.0,4.8464,-43.7277
0.00509918,55.0,4.59632,-41.3045
-0.0785176,56.0,4.74808,-39.0063
-0.140256,57.0,4.75487,-36.6323
-0.182485,58.0,4.52897,-34.2549
-0.208658,59.0,4.32763,-31.9904
-0.257475,60.0,4.50248,-29.8266
-0.162076,61.0,4.21498,-27.5753
-0.134918,62.0,4.06712,-25.4678
-0.19634,63.0,3.73596,-23.4343
-0.207327,64.0,3.79509,-21.5663
-0.0476986,65.0,3.31884,-19.6688
0.0606416,66.0,2.94251,-18.0093
0.0343982,67.0,2.86462,-16.5381
0.0544288,68.0,2.98683,-15.1058
-0.192355,69.0,3.14029,-13.6124
-0.0457734,70.0,3.21802,-12.0422
-0.141766,71.0,3.08878,-10.4332
-0.194069,72.0,2.96389,-8.88882
-0.202657,73.0,2.96824,-7.40687
-0.123934,74.0,2.47524,-5.92275
-0.0513938,75.0,2.63075,-4.68513
-0.141903,76.0,2.67137,-3.36975
-0.324604,77.0,2.70826,-2.03407
-0.0435277,78.0,1.95563,-0.679939
-0.111632,79.0,1.88079,0.297879
0.0473893,80.0,1.48364,1.23827
0.0160801,81.0,1.50752,1.98009
0.0280917,82.0,1.49765,2.73385
0.00174868,83.0,1.38622,3.48268
0.0627632,84.0,1.18958,4.17579
-0.0727357,85.0,1.02589,4.77058
0.0824521,86.0,1.26918,5.28352
-0.096581,87.0,1.21384,5.91811
0.0350958,88.0,1.12678,6.52503
0.0147132,89.0,1.05538,7.08842
-0.0423767,90.0,0.93653,7.61611
-0.0598195,91.0,1.10746,8.08437
-0.277171,92.0,1.31937,8.63811
-0.327931,93.0,1.2643,9.29779
-0.331343,94.0,0.759644,9.92994
-0.377318,95.0,0.812856,10.3098
-0.386755,96.0,0.294561,10.7162
-0.109453,97.0,-0.0758164,10.8635
-0.000519693,98.0,-0.183832,10.8256
0.00251436,99.0,-0.17091,10.7337
-0.240878,0.0,-1.24529,50.2881
-0.352988,1.0,-1.10428,49.6655
-0.332268,2.0,-1.28083,49.1134
-0.150597,3.0,-1.41226,48.4729
-0.30527,4.0,-1.41,47.7668
-0.33893,5.0,-1.64052,47.0618
-0.186479,6.0,-1.80704,46.2416
-0.216456,7.0,-1.87543,45.338
-0.321148,8.0,-2.05369,44.4003
-0.166172,9.0,-2.36302,43.3735
-0.207242,10.0,-2.50479,42.192
-0.272154,11.0,-2.5479,40.9396
-0.287603,12.0,-2.67422,39.6656
-0.184915,13.0,-3.02022,38.3285
-0.243367,14.0,-3.11764,36.8184
-0.249016,15.0,-3.39718,35.2596
-0.282491,16.0,-3.53867,33.561
-0.199222,17.0,-3.62346,31.7916
-0.188722,18.0,-3.90271,29.9799
-0.263894,19.0,-3.86112,28.0286
-0.0630562,20.0,-3.60481,26.098
-0.0987996,21.0,-3.95161,24.2956
-0.220218,22.0,-3.84736,22.3198
0.0603604,23.0,-4.11106,20.3961
-0.00460345,24.0,-4.10794,18.3406
0.0029422,25.0,-4.54404,16.2866
-0.0911842,26.0,-4.41449,14.0146
-0.140381,27.0,-4.42948,11.8073
-0.0407694,28.0,-4.28969,9.59261
-0.0443234,29.0,-3.85285,7.44776
-0.0813363,30.0,-3.77085,5.52134
-0.0507554,31.0,-3.83992,3.63591
-0.12505,32.0,-4.01897,1.71595
-0.139094,33.0,-4.04259,-0.293536
-0.0959464,34.0,-4.02535,-2.31483
-0.0118182,35.0,-4.24201,-4.32751
-0.0820029,36.0,-4.09227,-6.44851
-0.0478013,37.0,-4.25438,-8.49465
-0.0656543,38.0,-4.06855,-10.6218
0.0148385,39.0,-3.42653,-12.6561
-0.135797,40.0,-3.33153,-14.3694
0.0485662,41.0,-3.42316,-16.0351
-0.134556,42.0,-3.28237,-17.7467
-0.044,43.0,-3.29497,-19.3879
-0.0821002,44.0,-3.31211,-21.0354
-0.0954457,45.0,-3.31904,-22.6915
-0.0904912,46.0,-3.55785,-24.351
-0.0626597,47.0,-3.66184,-26.1299
0.0528289,48.0,-3.44442,-27.9608
-0.144649,49.0,-3.10016,-29.683
-0.172565,50.0,-3.09412,-31.2331
-0.0681998,51.0,-3.41381,-32.7802
-0.0399932,52.0,-3.52321,-34.4871
-0.0222824,53.0,-3.72819,-36.2487
0.137552,54.0,-3.96225,-38.1128
0.017692,55.0,-3.73225,-40.0939
-0.0139833,56.0,-3.67234,-41.96
0.102264,57.0,-3.49831,-43.7962
0.125973,58.0,-3.41425,-45.5453
0.0534737,59.0,-3.20334,-47.2525
0.0992069,60.0,-3.19384,-48.8541
0.0759141,61.0,-3.35468,-50.4511
0.129764,62.0,-3.42857,-52.1284
-0.0323685,63.0,-3.16596,-53.8427
0.0527701,64.0,-2.96771,-55.4257
0.146241,65.0,-2.93387,-56.9095
0.0385507,66.0,-2.67035,-58.3765
0.0443915,67.0,-2.4175,-59.7116
0.0301609,68.0,-2.44741,-60.9204
0.0641693,69.0,-2.40863,-62.1441
0.19648,70.0,-2.91452,-63.3484
-0.00966978,71.0,-3.1671,-64.8057
0.317921,72.0,-3.67675,-66.3892
0.230057,73.0,-3.25842,-68.2276
0.236646,74.0,-2.97502,-69.8568
0.221986,75.0,-2.53327,-71.3443
0.162032,76.0,-2.6325,-72.6109
0.175378,77.0,-2.56345,-73.9272
0.251062,78.0,-2.23721,-75.2089
0.330361,79.0,-2.25078,-76.3275
0.165,80.0,-1.76583,-77.4529
0.162112,81.0,-1.64428,-78.3358
0.215542,82.0,-1.66462,-79.158
0.103747,83.0,-1.43418,-79.9903
0.179572,84.0,-1.28099,-80.7074
0.055829,85.0,-0.851921,-81.3479
0.00857091,86.0,-0.764481,-81.7738
0.166942,87.0,-0.553648,-82.1561
0.072003,88.0,-0.541824,-82.4329
0.100643,89.0,-0.418472,-82.7038
0.0505924,90.0,-0.367016,-82.913
0.0727302,91.0,-0.380881,-83.0965
0.101527,92.0,-0.480635,-83.287
0.310408,93.0,-0.293475,-83.5273
0.150749,94.0,-0.0797378,-83.674
0.118709,95.0,0.24051,-83.7139
0.167174,96.0,-0.0158945,-83.5937
0.0775447,97.0,0.269297,-83.6016
3.57628e-07,98.0,0.0152948,-83.4669
-0.000700712,99.0,-0.295599,-83.4593
0.390507,0.0,0.112727,-243.477
0.459792,1.0,0.011848,-243.42
0.474666,2.0,0.501548,-243.414
0.4224,3.0,1.46175,-243.164
0.485375,4.0,1.58355,-242.433
0.492481,5.0,1.84231,-241.641
0.359334,6.0,1.93559,-240.72
0.427438,7.0,2.08943,-239.752
0.319689,8.0,2.20826,-238.707
0.440525,9.0,2.40166,-237.603
0.461488,10.0,3.16063,-236.402
0.300675,11.0,3.10928,-234.822
0.324311,12.0,3.45436,-233.267
0.494268,13.0,3.51987,-231.54
0.398252,14.0,3.47666,-229.78
0.403105,15.0,3.40209,-228.042
0.366394,16.0,3.68709,-226.341
0.396859,17.0,4.01881,-224.497
0.540559,18.0,4.11024,-222.488
0.441027,19.0,4.74355,-220.433
0.43454,20.0,4.79149,-218.061
0.285215,21.0,4.8564,-215.665
0.497138,22.0,4.98221,-213.237
0.366041,23.0,5.10922,-210.746
0.449962,24.0,5.34325,-208.191
0.406322,25.0,5.58559,-205.52
0.371731,26.0,6.20338,-202.727
0.490762,27.0,6.33824,-199.625
0.324371,28.0,6.41954,-196.456
0.324063,29.0,6.33004,-193.246
0.509712,30.0,6.38598,-190.081
0.497622,31.0,6.81464,-186.888
0.365948,32.0,6.92543,-183.481
0.387332,33.0,6.91433,-180.018
0.489814,34.0,7.10006,-176.561
0.433142,35.0,7.43755,-173.011
0.388925,36.0,7.4733,-169.292
0.433126,37.0,7.7041,-165.556
0.485393,38.0,7.66347,-161.704
0.35122,39.0,7.4546,-157.872
0.385174,40.0,7.70596,-154.145
0.404065,41.0,7.90361,-150.292
0.321012,42.0,7.89637,-146.34
0.394726,43.0,8.29649,-142.392
0.261451,44.0,8.59588,-138.243
0.36453,45.0,8.55369,-133.946
0.291177,46.0,8.86205,-129.669
0.211192,47.0,8.93928,-125.238
0.198297,48.0,9.07059,-120.768
0.243187,49.0,8.80022,-116.233
0.115365,50.0,9.14342,-111.833
0.0226085,51.0,9.24202,-107.261
-0.003142,52.0,9.05188,-102.64
-0.0763983,53.0,9.48076,-98.114
-0.154722,54.0,9.59238,-93.3736
-0.122078,55.0,9.22996,-88.5774
-0.261997,56.0,9.38116,-83.9624
-0.174375,57.0,9.17479,-79.2719
-0.0539005,58.0,8.89056,-74.6845
-0.218133,59.0,8.81808,-70.2392
-0.25785,60.0,8.99434,-65.8301
-0.249542,61.0,9.10719,-61.333
-0.497784,62.0,9.47934,-56.7794
-0.341109,63.0,9.22694,-52.0397
-0.337185,64.0,9.01681,-47.4262
-0.453133,65.0,8.6677,-42.9178
-0.348928,66.0,8.55903,-38.584
-0.349939,67.0,8.39674,-34.3045
-0.508399,68.0,8.29597,-30.1061
-0.461861,69.0,8.17578,-25.9581
-0.52021,70.0,7.84219,-21.8702
-0.477823,71.0,7.69191,-17.9491
-0.481591,72.0,7.57692,-14.1032
-0.443592,73.0,7.38242,-10.3147
-0.490671,74.0,7.37842,-6.62349
-0.444553,75.0,7.05097,-2.93428
-0.535491,76.0,6.429,0.591204
-0.486579,77.0,6.57381,3.8057
-0.492467,78.0,6.14754,7.09261
-0.460602,79.0,6.08717,10.1664
-0.408128,80.0,6.11685,13.21
-0.502146,81.0,5.89098,16.2684
-0.517753,82.0,5.73311,19.2139
-0.474808,83.0,5.39076,22.0804
-0.488229,84.0,5.16163,24.7758
-0.5865,85.0,5.18534,27.3566
-0.370003,86.0,4.66587,29.9493
-0.53504,87.0,4.68538,32.2822
-0.426091,88.0,4.05298,34.6249
-0.506528,89.0,3.66146,36.6514
-0.478933,90.0,3.22321,38.4821
-0.366694,91.0,2.98026,40.0938
-0.438273,92.0,2.76019,41.5839
-0.49808,93.0,2.50322,42.964
-0.467709,94.0,2.38898,44.2156
-0.537064,95.0,2.3379,45.4101
-0.41504,96.0,2.36521,46.579
-0.552541,97.0,2.26907,47.7616
-0.0215285,98.0,2.0513,48.8962
-0.039716,99.0,2.19214,49.9218
