action: u,states: t,states: v,states: x
-0.0639046,0.0,-0.844214,50.1857
-0.0255941,1.0,-0.860922,49.7636
-0.0150293,2.0,-1.01907,49.3332
0.0615628,3.0,-1.05384,48.8236
0.075881,4.0,-0.774674,48.2967
-0.0293291,5.0,-1.00438,47.9094
0.0714196,6.0,-1.01418,47.4072
-0.0548046,7.0,-0.568968,46.9001
-0.044257,8.0,-0.215104,46.6156
0.00970089,9.0,-0.0363474,46.508
0.0432087,10.0,-0.0294769,46.4899
-0.0825638,11.0,0.0928171,46.4751
-0.1756,12.0,0.152021,46.5215
0.000545382,13.0,0.172686,46.5976
0.0668921,14.0,-0.0650205,46.6839
-0.0586807,15.0,0.107174,46.6514
-0.175366,16.0,-0.217798,46.705
0.0811708,17.0,-0.591937,46.5961
-0.0769181,18.0,-0.240421,46.3001
-0.0197316,19.0,-0.519568,46.1799
-0.0824999,20.0,-0.587474,45.9201
-0.058944,21.0,-0.726592,45.6264
0.0191253,22.0,-0.940115,45.2631
0.111293,23.0,-0.713686,44.793
0.0737765,24.0,-0.63592,44.4362
0.00574386,25.0,-0.251515,44.1182
0.0643502,26.0,-0.596045,43.9925
0.0128609,27.0,-0.488991,43.6944
0.0342883,28.0,-0.270356,43.4499
-0.0906879,29.0,-0.106811,43.3148
0.0208105,30.0,-0.137496,43.2614
-0.0738569,31.0,-0.46761,43.1926
-0.194097,32.0,-0.198831,42.9588
-0.0683745,33.0,-0.225879,42.8594
-0.0932029,34.0,0.32764,42.7465
0.0013659,35.0,0.451015,42.9103
-0.112076,36.0,0.274377,43.1358
-0.233724,37.0,0.365631,43.273
-0.00978363,38.0,-0.0561947,43.4558
-0.141244,39.0,0.00209542,43.4277
-0.0714712,40.0,0.114752,43.4287
-0.0969523,41.0,-0.248277,43.4861
-0.0971487,42.0,-0.637928,43.362
0.0599513,43.0,-1.03863,43.043
-0.0608076,44.0,-1.01803,42.5237
-0.0144036,45.0,-0.815884,42.0147
0.0822656,46.0,-0.781055,41.6067
-0.20515,47.0,-0.217511,41.2162
-0.0819391,48.0,-0.573567,41.1074
0.0752186,49.0,-0.766665,40.8207
0.0609081,50.0,-1.04313,40.4373
0.0449721,51.0,-0.888236,39.9158
-0.0113035,52.0,-0.853511,39.4716
-0.125464,53.0,-0.941699,39.0449
-0.0393252,54.0,-0.749856,38.574
-0.114667,55.0,-0.840689,38.1991
-0.17594,56.0,-0.672474,37.7788
-0.0270973,57.0,-0.837019,37.4425
-0.0146024,58.0,-1.33281,37.024
0.0177432,59.0,-1.43227,36.3576
-0.0504805,60.0,-1.23811,35.6415
-0.0991197,61.0,-0.844122,35.0224
-0.145489,62.0,-0.90644,34.6004
-0.0562891,63.0,-0.969319,34.1471
0.0757784,64.0,-1.12137,33.6625
-0.0225799,65.0,-0.552299,33.1018
-0.0879104,66.0,-0.589829,32.8256
0.0302635,67.0,-0.30196,32.5307
-0.258257,68.0,0.0187684,32.3798
-0.183397,69.0,0.182775,32.3891
-0.259998,70.0,0.000240281,32.4805
-0.219399,71.0,-0.109805,32.4806
-0.150406,72.0,-0.381088,32.4257
-0.089397,73.0,-0.193334,32.2352
-0.307611,74.0,-0.203477,32.1385
-0.17719,75.0,-0.393483,32.0368
-0.0968052,76.0,-1.09881,31.8401
-0.116402,77.0,-1.23889,31.2907
-0.194654,78.0,-1.14947,30.6712
-0.112903,79.0,-1.18397,30.0965
-0.0355433,80.0,-1.23675,29.5045
-0.0217408,81.0,-1.26818,28.8861
-0.0904194,82.0,-1.21912,28.252
-0.0663806,83.0,-0.981092,27.6425
0.00224984,84.0,-1.52493,27.1519
0.0872961,85.0,-1.49051,26.3894
0.0893985,86.0,-1.71872,25.6442
0.0160993,87.0,-1.24161,24.7848
0.1297,88.0,-1.67098,24.164
0.182253,89.0,-1.41781,23.3285
0.370662,90.0,-1.99789,22.6196
0.4937,91.0,-1.54027,21.6207
0.0135509,92.0,-1.2754,20.8505
0.41192,93.0,-1.21376,20.2129
0.429997,94.0,-1.074,19.606
0.454803,95.0,-0.778408,19.069
0.416482,96.0,-0.452532,18.6798
0.544978,97.0,-0.288319,18.4535
0.00542879,98.0,-0.024515,18.3093
-0.00287873,99.0,-0.212095,18.2971
0.210229,0.0,0.423497,-61.0144
0.197254,1.0,0.342681,-60.8027
0.225069,2.0,0.261553,-60.6313
0.273374,3.0,0.275655,-60.5005
0.154138,4.0,0.572509,-60.3627
0.268755,5.0,0.927317,-60.0765
0.297755,6.0,0.937003,-59.6128
0.278946,7.0,0.820521,-59.1443
0.227091,8.0,1.19507,-58.734
0.0188293,9.0,1.36651,-58.1365
0.195771,10.0,1.46704,-57.4533
0.0993875,11.0,1.78767,-56.7197
0.256325,12.0,1.75982,-55.8259
0.0897573,13.0,1.81244,-54.946
0.114588,14.0,1.89348,-54.0398
0.229998,15.0,1.88585,-53.093
-0.00497878,16.0,1.83146,-52.1501
0.193645,17.0,1.67918,-51.2344
0.121467,18.0,1.88148,-50.3948
0.0665293,19.0,1.50919,-49.454
0.284873,20.0,1.43592,-48.6994
0.167707,21.0,1.53112,-47.9815
0.0436476,22.0,1.86538,-47.2159
0.105008,23.0,1.90675,-46.2832
0.25696,24.0,1.92033,-45.3299
0.207221,25.0,2.02958,-44.3697
0.227683,26.0,1.89922,-43.3549
0.141617,27.0,1.80806,-42.4053
0.170446,28.0,1.98403,-41.5013
0.20679,29.0,2.58825,-40.5093
0.160477,30.0,2.47892,-39.2151
0.171267,31.0,2.47927,-37.9757
0.200293,32.0,2.50124,-36.736
0.152114,33.0,2.9269,-35.4854
0.260232,34.0,2.51363,-34.022
0.0801419,35.0,2.19375,-32.7651
0.215929,36.0,2.21527,-31.6683
0.225375,37.0,2.27732,-30.5606
0.266459,38.0,1.97095,-29.422
0.233699,39.0,1.75519,-28.4365
0.231322,40.0,2.03493,-27.5589
0.250115,41.0,2.26985,-26.5414
0.146398,42.0,2.60475,-25.4065
0.0495903,43.0,2.83647,-24.1041
0.2257,44.0,2.65077,-22.6859
0.0171242,45.0,3.03425,-21.3605
0.0393329,46.0,2.94244,-19.8434
0.106378,47.0,3.0859,-18.3722
-0.0348343,48.0,2.95381,-16.8292
0.0145457,49.0,2.8701,-15.3523
0.0336536,50.0,3.14815,-13.9173
-0.0482768,51.0,3.06034,-12.3432
0.0485991,52.0,3.15688,-10.813
-0.0705698,53.0,3.16868,-9.23459
0.0821738,54.0,3.24848,-7.65025
-0.0645845,55.0,3.17131,-6.02601
0.101166,56.0,3.11557,-4.44035
-0.0915261,57.0,2.86523,-2.88257
-0.155295,58.0,2.84372,-1.44995
0.14591,59.0,2.66343,-0.0280938
-0.105439,60.0,3.08015,1.30362
-0.1875,61.0,3.53699,2.84369
-0.157765,62.0,3.55846,4.61219
-0.304819,63.0,3.79334,6.39142
-0.0862564,64.0,3.23001,8.28809
-0.101911,65.0,3.20572,9.90309
-0.111078,66.0,3.0786,11.506
-0.203602,67.0,2.92875,13.0453
-0.205573,68.0,2.78556,14.5096
-0.0562,69.0,2.69731,15.9024
-0.0738471,70.0,2.59713,17.2511
-0.178395,71.0,2.48012,18.5496
-0.236027,72.0,2.88459,19.7897
-0.293562,73.0,2.91587,21.232
-0.295627,74.0,2.73267,22.6899
-0.304771,75.0,2.62057,24.0563
-0.141612,76.0,2.5006,25.3665
-0.284699,77.0,2.34581,26.6168
-0.110251,78.0,2.10429,27.7897
-0.444142,79.0,2.52497,28.8419
-0.326161,80.0,2.13871,30.1044
-0.0427622,81.0,1.92709,31.1737
-0.325729,82.0,1.83008,32.1373
-0.259245,83.0,1.6479,33.0523
-0.417904,84.0,1.55899,33.8763
-0.500385,85.0,1.3146,34.6558
-0.401391,86.0,0.738182,35.3131
-0.216707,87.0,0.519382,35.6822
-0.299173,88.0,0.37902,35.9418
-0.179438,89.0,0.318344,36.1314
-0.379295,90.0,0.232612,36.2905
-0.260177,91.0,0.0975042,36.4068
-0.448475,92.0,-0.449739,36.4556
-0.355799,93.0,-0.857372,36.2307
-0.100005,94.0,-1.00433,35.802
-0.139415,95.0,-1.09078,35.2999
-0.383869,96.0,-0.861865,34.7545
-0.0827397,97.0,-0.954082,34.3235
0.00135422,98.0,-1.0844,33.8465
0.000330806,99.0,-1.42393,33.3043
-0.22909,0.0,1.35963,47.0445
-0.0399675,1.0,1.21273,47.7243
-0.231979,2.0,1.17766,48.3306
-0.287755,3.0,0.9151,48.9195
-0.0854035,4.0,0.858196,49.377
0.0908948,5.0,0.82009,49.8061
-0.270824,6.0,0.943513,50.2162
-0.199873,7.0,0.661695,50.6879
-0.175493,8.0,0.493688,51.0188
-0.205147,9.0,0.343804,51.2656
-0.100571,10.0,0.0884848,51.4375
-0.201909,11.0,0.155233,51.4817
-0.224076,12.0,0.209933,51.5594
-0.229857,13.0,0.104392,51.6643
-0.0113443,14.0,-0.179793,51.7165
-0.241106,15.0,-0.0285608,51.6266
-0.193405,16.0,-0.239061,51.6123
-0.187811,17.0,-0.420191,51.4928
-0.119716,18.0,-0.458254,51.2827
-0.0841139,19.0,-0.683287,51.0536
-0.00835085,20.0,-0.716853,50.712
-0.189999,21.0,-0.609074,50.3535
-0.220098,22.0,-0.176787,50.049
-0.190676,23.0,-0.178219,49.9606
-0.27691,24.0,-0.396353,49.8715
-0.244382,25.0,-0.793836,49.6733
-0.0540183,26.0,-1.01559,49.2764
-0.104894,27.0,-1.06,48.7686
-0.173266,28.0,-1.08805,48.2386
-0.0801648,29.0,-1.23722,47.6946
-0.104204,30.0,-1.24121,47.076
-0.203193,31.0,-1.1955,46.4553
-0.0232084,32.0,-1.67126,45.8576
-0.157759,33.0,-1.75077,45.022
-0.202563,34.0,-1.85038,44.1466
-0.285358,35.0,-1.4245,43.2214
-0.192062,36.0,-1.3476,42.5091
-0.0881426,37.0,-1.52073,41.8353
-0.274437,38.0,-1.29241,41.075
-0.213683,39.0,-1.13666,40.4288
-0.252972,40.0,-1.21451,39.8604
-0.152689,41.0,-1.47709,39.2532
-0.181581,42.0,-1.46481,38.5146
-0.0943617,43.0,-1.61349,37.7822
-0.270966,44.0,-1.75229,36.9755
-0.000621438,45.0,-1.36048,36.0993
-0.300428,46.0,-1.45074,35.4191
-0.138854,47.0,-1.79325,34.6937
-0.0838313,48.0,-1.57248,33.7971
-0.145135,49.0,-1.80897,33.0109
-0.201917,50.0,-2.05507,32.1064
-0.0300173,51.0,-2.17794,31.0789
0.00587845,52.0,-2.41844,29.9899
-0.0860835,53.0,-2.57233,28.7807
-0.0393477,54.0,-2.56008,27.4945
-0.0732546,55.0,-2.70706,26.2145
0.0823708,56.0,-3.12798,24.8609
0.0224464,57.0,-3.08031,23.2969
0.00230062,58.0,-3.05151,21.7568
0.00453246,59.0,-3.454,20.231
0.0967401,60.0,-3.58495,18.504
0.140634,61.0,-3.6187,16.7116
0.125455,62.0,-3.41565,14.9022
0.0559729,63.0,-3.19623,13.1944
0.113275,64.0,-3.22835,11.5963
0.186192,65.0,-2.92471,9.98209
-0.00295371,66.0,-2.27654,8.51974
0.0596923,67.0,-2.20258,7.38146
0.199021,68.0,-2.79115,6.28017
0.23741,69.0,-2.62363,4.8846
0.0120292,70.0,-2.31807,3.57279
0.235718,71.0,-2.2295,2.41375
0.111858,72.0,-2.19126,1.299
0.214582,73.0,-2.20925,0.203366
0.0884874,74.0,-2.0211,-0.901261
0.226024,75.0,-1.92258,-1.91181
0.237432,76.0,-2.1411,-2.8731
0.256914,77.0,-2.05746,-3.94365
0.205494,78.0,-1.84833,-4.97238
0.12341,79.0,-1.47244,-5.89654
0.302785,80.0,-1.65206,-6.63277
0.129636,81.0,-1.31551,-7.4588
0.0380175,82.0,-1.21404,-8.11655
0.151046,83.0,-1.18902,-8.72357
0.148688,84.0,-1.02916,-9.31808
0.106279,85.0,-1.38534,-9.83266
0.235723,86.0,-1.2752,-10.5253
0.308243,87.0,-0.901755,-11.1629
0.321263,88.0,-0.626169,-11.6138
0.393305,89.0,-0.447359,-11.9269
0.355861,90.0,-0.178524,-12.1506
0.030615,91.0,0.032104,-12.2398
0.369572,92.0,-0.144663,-12.2238
0.298522,93.0,0.231139,-12.2961
0.0194577,94.0,0.579355,-12.1805
-0.0721086,95.0,0.697278,-11.8909
-0.029762,96.0,0.397465,-11.5422
-0.0730688,97.0,0.464585,-11.3435
0.000124931,98.0,0.4195,-11.1112
-0.086275,99.0,0.281215,-10.9015
-0.301579,0.0,-0.447501,174.181
-0.3652,1.0,-0.754325,173.957
-0.420845,2.0,-0.93372,173.58
-0.435624,3.0,-1.25003,173.113
-0.332996,4.0,-1.71596,172.488
-0.307392,5.0,-1.98953,171.63
-0.33661,6.0,-2.00429,170.636
-0.300875,7.0,-1.86065,169.634
-0.196495,8.0,-2.1796,168.703
-0.358713,9.0,-2.42813,167.613
-0.240696,10.0,-2.78048,166.399
-0.356794,11.0,-2.76146,165.009
-0.336234,12.0,-2.8409,163.628
-0.35212,13.0,-3.41608,162.208
-0.314236,14.0,-3.47268,160.5
-0.190388,15.0,-3.47171,158.764
-0.157652,16.0,-3.43711,157.028
-0.361588,17.0,-3.54759,155.309
-0.323994,18.0,-3.73039,153.535
-0.244563,19.0,-4.29239,151.67
-0.133167,20.0,-4.25152,149.524
-0.13552,21.0,-4.19113,147.398
-0.266196,22.0,-4.30922,145.303
-0.272167,23.0,-4.18192,143.148
-0.191668,24.0,-4.47551,141.057
-0.215421,25.0,-4.47287,138.819
-0.266493,26.0,-4.44064,136.583
-0.207478,27.0,-4.85811,134.363
-0.128977,28.0,-4.82009,131.933
-0.0852563,29.0,-5.16692,129.523
-0.0981927,30.0,-5.41647,126.94
-0.00208873,31.0,-5.07697,124.232
-0.116882,32.0,-5.24771,121.693
-0.0146884,33.0,-5.07135,119.069
0.0901297,34.0,-5.45421,116.534
0.0641767,35.0,-5.56352,113.807
-0.0949832,36.0,-5.19968,111.025
0.0266223,37.0,-5.12898,108.425
-0.0077346,38.0,-5.26973,105.861
0.185084,39.0,-5.42529,103.226
0.139174,40.0,-5.48343,100.513
-0.0372224,41.0,-5.04219,97.7713
-0.0325969,42.0,-5.29213,95.2502
0.063538,43.0,-5.47737,92.6041
0.238055,44.0,-5.58746,89.8654
0.0364122,45.0,-5.53413,87.0717
0.174941,46.0,-5.69674,84.3046
0.182724,47.0,-5.41361,81.4563
0.167582,48.0,-5.09371,78.7495
0.148674,49.0,-4.81303,76.2026
0.00840664,50.0,-4.52319,73.7961
0.22479,51.0,-4.65271,71.5345
0.0998025,52.0,-4.86035,69.2082
0.273497,53.0,-5.07623,66.778
0.100946,54.0,-4.93321,64.2399
0.316723,55.0,-5.32448,61.7733
0.215587,56.0,-5.19511,59.111
0.424296,57.0,-5.41999,56.5135
0.364063,58.0,-5.12111,53.8035
0.360689,59.0,-5.20312,51.2429
0.19216,60.0,-4.98591,48.6414
0.313695,61.0,-4.59672,46.1484
0.38044,62.0,-4.42423,43.85
0.360488,63.0,-4.38501,41.6379
0.323252,64.0,-4.43475,39.4454
0.309103,65.0,-4.28497,37.228
0.39555,66.0,-4.21623,35.0856
0.381229,67.0,-4.23105,32.9774
0.259911,68.0,-3.68745,30.8619
0.420454,69.0,-3.57305,29.0182
0.335497,70.0,-3.50024,27.2317
0.362465,71.0,-3.19247,25.4816
0.41066,72.0,-3.29583,23.8853
0.346841,73.0,-3.00728,22.2374
0.360409,74.0,-2.50379,20.7338
0.296334,75.0,-2.03728,19.4819
0.259626,76.0,-1.69555,18.4632
0.140952,77.0,-1.34918,17.6155
0.187491,78.0,-1.19481,16.9409
0.247201,79.0,-1.08534,16.3435
0.331812,80.0,-0.923012,15.8008
0.281771,81.0,-1.10447,15.3393
0.266156,82.0,-1.25247,14.787
0.483114,83.0,-1.58407,14.1608
0.423086,84.0,-1.36992,13.3688
0.522049,85.0,-1.46969,12.6838
0.413484,86.0,-1.06747,11.949
0.363459,87.0,-0.57389,11.4152
0.247727,88.0,-0.760025,11.1283
0.464017,89.0,-0.694093,10.7483
0.391893,90.0,-0.811361,10.4012
0.350459,91.0,-0.645368,9.99555
0.472916,92.0,-0.38839,9.67286
0.41348,93.0,-0.190072,9.47867
0.571028,94.0,-0.179587,9.38363
0.46817,95.0,-0.274775,9.29384
0.531457,96.0,-0.214966,9.15645
0.395189,97.0,-0.447382,9.04897
0.0317795,98.0,-0.133122,8.82528
0.0175112,99.0,0.325921,8.75872
0.124325,0.0,-0.0914526,-65.9449
0.160287,1.0,-0.138005,-65.9907
0.208606,2.0,0.113337,-66.0597
0.273931,3.0,0.523766,-66.003
0.246895,4.0,0.872346,-65.7411
0.0851748,5.0,1.12036,-65.3049
0.186785,6.0,1.09831,-64.7448
0.0661812,7.0,1.18424,-64.1956
0.12893,8.0,0.955681,-63.6035
0.186484,9.0,1.21647,-63.1256
0.234858,10.0,1.03107,-62.5174
0.0932194,11.0,0.957765,-62.0019
0.229692,12.0,0.896028,-61.523
0.158682,13.0,0.757642,-61.075
0.307051,14.0,0.790542,-60.6962
0.135461,15.0,0.957249,-60.3009
0.227749,16.0,0.948769,-59.8223
0.261898,17.0,1.34409,-59.3479
0.111107,18.0,1.5843,-58.6758
0.190293,19.0,1.66388,-57.8837
0.305156,20.0,1.42044,-57.0517
0.264827,21.0,2.29325,-56.3415
0.200734,22.0,2.41363,-55.1949
0.160621,23.0,2.46339,-53.9881
0.218475,24.0,2.33727,-52.7564
0.128427,25.0,2.31358,-51.5878
0.176456,26.0,2.38279,-50.431
0.233337,27.0,2.15153,-49.2396
0.155812,28.0,1.79853,-48.1638
0.124548,29.0,1.92394,-47.2645
0.103316,30.0,2.37011,-46.3026
0.23079,31.0,2.54042,-45.1175
0.157052,32.0,2.71776,-43.8473
0.0923834,33.0,2.81061,-42.4884
0.0883791,34.0,2.81869,-41.0831
0.0385292,35.0,3.00016,-39.6738
0.158446,36.0,2.89085,-38.1737
0.0207255,37.0,2.95916,-36.7283
-0.00465691,38.0,3.23436,-35.2487
0.128285,39.0,3.25923,-33.6315
0.0394728,40.0,2.84301,-32.0019
0.257683,41.0,2.60866,-30.5804
-0.0165189,42.0,2.66032,-29.2761
0.162982,43.0,2.45579,-27.9459
0.211651,44.0,2.22073,-26.718
0.268519,45.0,1.96217,-25.6077
0.212036,46.0,1.87885,-24.6266
0.113598,47.0,2.09139,-23.6872
0.0694207,48.0,2.27882,-22.6415
0.268468,49.0,2.42509,-21.502
0.187367,50.0,2.57887,-20.2895
0.265148,51.0,2.2532,-19.0001
0.0130234,52.0,2.26106,-17.8735
0.280567,53.0,1.72486,-16.7429
0.165109,54.0,2.05626,-15.8805
0.179199,55.0,2.1406,-14.8524
0.16977,56.0,2.44015,-13.7821
0.313868,57.0,1.96987,-12.562
0.310881,58.0,2.06912,-11.5771
0.207139,59.0,1.97092,-10.5425
0.166775,60.0,2.16372,-9.55704
0.126391,61.0,2.3603,-8.47518
0.225991,62.0,2.04976,-7.29503
0.197776,63.0,2.09514,-6.27015
0.154985,64.0,2.11774,-5.22258
0.237255,65.0,2.18317,-4.16371
0.298566,66.0,2.11437,-3.07212
0.183603,67.0,2.38028,-2.01494
0.0524534,68.0,2.45228,-0.824801
0.20895,69.0,2.22401,0.401339
0.205703,70.0,1.96247,1.51334
0.00737047,71.0,2.40019,2.49457
0.134922,72.0,2.55877,3.69467
0.0758799,73.0,2.2276,4.97406
0.177241,74.0,2.08161,6.08786
0.087261,75.0,1.85021,7.12866
0.140597,76.0,1.61227,8.05377
0.345652,77.0,1.76974,8.8599
0.220413,78.0,2.14212,9.74477
0.133666,79.0,1.95672,10.8158
0.129004,80.0,1.72251,11.7942
0.342142,81.0,2.10416,12.6554
0.236098,82.0,2.54038,13.7075
0.140604,83.0,2.44641,14.9777
0.0194633,84.0,2.505,16.2009
0.109556,85.0,2.54582,17.4534
-0.08876,86.0,2.63559,18.7263
-0.378825,87.0,2.94244,20.0441
-0.193086,88.0,2.61589,21.5154
-0.337715,89.0,2.50801,22.8233
-0.379933,90.0,2.12541,24.0773
-0.362317,91.0,1.72551,25.14
-0.40476,92.0,1.97521,26.0028
-0.281601,93.0,1.70622,26.9904
-0.296699,94.0,1.26192,27.8435
-0.386468,95.0,0.998987,28.4744
-0.330275,96.0,1.47713,28.9739
-0.353215,97.0,1.39977,29.7125
-0.00269568,98.0,1.25054,30.4124
0.00421929,99.0,1.32294,31.0377
0.253792,0.0,1.80448,-122.143
0.311242,1.0,2.19977,-121.241
0.126724,2.0,2.50278,-120.141
0.258409,3.0,2.49889,-118.889
0.271425,4.0,2.42538,-117.64
0.114685,5.0,2.26946,-116.427
0.156648,6.0,2.40036,-115.293
0.326666,7.0,2.19443,-114.092
0.279131,8.0,2.58051,-112.995
0.199669,9.0,2.7754,-111.705
0.234492,10.0,2.8196,-110.317
0.0809796,11.0,3.29949,-108.907
0.249641,12.0,3.40431,-107.258
0.0857952,13.0,3.57477,-105.555
0.0605706,14.0,4.033,-103.768
0.239113,15.0,4.04677,-101.752
0.175716,16.0,4.14311,-99.7282
0.1553,17.0,4.26343,-97.6567
0.0166036,18.0,4.54038,-95.525
-0.0535673,19.0,4.58907,-93.2548
-0.0506367,20.0,4.50974,-90.9602
0.118314,21.0,4.36575,-88.7054
0.140126,22.0,4.18869,-86.5225
0.14582,23.0,4.28425,-84.4281
0.097504,24.0,3.96996,-82.286
0.0737748,25.0,4.45752,-80.301
0.00539362,26.0,4.06917,-78.0723
0.0493017,27.0,4.2252,-76.0377
0.143399,28.0,4.3449,-73.9251
-0.0228197,29.0,4.77507,-71.7526
-0.0655237,30.0,5.19612,-69.3651
-0.0904769,31.0,5.48429,-66.767
-0.177358,32.0,5.44903,-64.0249
-0.111358,33.0,5.58952,-61.3004
-0.0836466,34.0,5.3237,-58.5056
-0.163011,35.0,4.82376,-55.8438
-0.132908,36.0,5.01532,-53.4319
-0.170063,37.0,5.00436,-50.9242
-0.0832754,38.0,5.09258,-48.4221
-0.0868278,39.0,4.9967,-45.8758
-0.0808965,40.0,5.33498,-43.3774
-0.0477263,41.0,4.93448,-40.7099
-0.00344288,42.0,4.80212,-38.2427
-0.0338087,43.0,4.59106,-35.8416
-0.0263911,44.0,4.56178,-33.5461
-0.169177,45.0,4.53982,-31.2652
-0.0809664,46.0,4.5728,-28.9953
-0.0321984,47.0,4.47855,-26.7089
-0.112927,48.0,4.60269,-24.4696
-0.315111,49.0,4.64009,-22.1683
-0.254037,50.0,4.92793,-19.8482
-0.187203,51.0,4.86737,-17.3843
-0.325624,52.0,4.6824,-14.9506
-0.15493,53.0,4.35533,-12.6094
-0.251846,54.0,4.20791,-10.4317
-0.171445,55.0,4.1942,-8.32775
-0.246782,56.0,3.88493,-6.23065
-0.133149,57.0,3.68018,-4.28818
-0.261173,58.0,3.63469,-2.44809
-0.286349,59.0,3.90165,-0.630749
-0.103068,60.0,3.18762,1.32008
-0.146007,61.0,2.73909,2.91389
-0.195665,62.0,2.35206,4.28343
-0.091002,63.0,2.1799,5.45946
-0.0893283,64.0,2.29152,6.54942
-0.120716,65.0,2.67482,7.69517
-0.0799342,66.0,2.53717,9.03258
-0.0931894,67.0,2.60582,10.3012
-0.214037,68.0,2.72321,11.6041
-0.347049,69.0,2.80448,12.9657
-0.280168,70.0,2.40349,14.3679
-0.122832,71.0,2.14891,15.5697
-0.255727,72.0,2.24391,16.6441
-0.265498,73.0,2.27566,17.7661
-0.310013,74.0,2.09664,18.9039
-0.210924,75.0,1.96115,19.9522
-0.297655,76.0,1.46877,20.9328
-0.206336,77.0,1.04518,21.6672
-0.0883108,78.0,1.15816,22.1898
-0.279649,79.0,1.14706,22.7689
-0.345347,80.0,0.661449,23.3424
-0.235543,81.0,0.391926,23.6731
-0.275569,82.0,0.311657,23.8691
-0.140809,83.0,0.615996,24.0249
-0.234898,84.0,0.461442,24.3329
-0.0778432,85.0,0.550477,24.5636
-0.1904,86.0,0.365973,24.8389
-0.481987,87.0,0.279875,25.0218
-0.18726,88.0,-0.0639561,25.1618
-0.322365,89.0,-0.172103,25.1298
-0.337551,90.0,-0.385494,25.0438
-0.362469,91.0,-0.580774,24.851
-0.341826,92.0,-0.536956,24.5606
-0.416721,93.0,-0.941307,24.2921
-0.41283,94.0,-1.1942,23.8215
-0.469687,95.0,-1.3589,23.2244
0.235418,96.0,-2.02797,22.5449
0.415435,97.0,-1.996,21.531
-2.38419e-07,98.0,-1.25779,20.533
-0.00709683,99.0,-1.48001,19.9041
-0.077827,0.0,-2.03347,69.512
0.15302,1.0,-2.64886,68.4952
-0.00678366,2.0,-2.59285,67.1708
0.15645,3.0,-2.75569,65.8744
0.0241404,4.0,-2.60637,64.4965
0.145367,5.0,-2.69839,63.1933
0.129366,6.0,-2.63283,61.8441
0.0881613,7.0,-2.4435,60.5277
0.0428574,8.0,-2.02363,59.306
0.125378,9.0,-2.0094,58.2942
0.0443152,10.0,-1.92288,57.2895
0.161214,11.0,-1.76872,56.328
0.136752,12.0,-2.05917,55.4437
-0.0377989,13.0,-2.01131,54.4141
0.0482886,14.0,-2.06461,53.4084
-0.00540936,15.0,-2.3963,52.3761
-0.00424153,16.0,-1.47442,51.178
-0.108374,17.0,-1.17729,50.4408
0.0177301,18.0,-1.43512,49.8521
-0.0162839,19.0,-1.59215,49.1346
-0.0231811,20.0,-1.2504,48.3385
0.0487237,21.0,-1.06334,47.7133
-0.0439616,22.0,-0.806929,47.1816
-0.0290639,23.0,-1.048,46.7781
-0.0841181,24.0,-1.19138,46.2541
-0.0919374,25.0,-1.1075,45.6585
-0.0750394,26.0,-1.09519,45.1047
0.0579492,27.0,-1.2071,44.5571
-0.0749992,28.0,-1.41095,43.9536
0.0573163,29.0,-1.45582,43.2481
0.0355822,30.0,-1.27014,42.5202
0.0171711,31.0,-1.30307,41.8851
-0.10248,32.0,-1.17623,41.2336
-0.072396,33.0,-1.09055,40.6455
0.100476,34.0,-1.37189,40.1002
0.0756994,35.0,-1.70829,39.4142
-0.0120149,36.0,-1.46722,38.5601
0.0719599,37.0,-1.91934,37.8265
0.122566,38.0,-1.67983,36.8668
0.140802,39.0,-1.50982,36.0269
-0.0441707,40.0,-1.43374,35.272
0.15758,41.0,-1.44659,34.5551
0.1371,42.0,-1.67011,33.8318
0.21856,43.0,-2.02081,32.9968
0.0257827,44.0,-1.71994,31.9864
0.0829903,45.0,-2.32599,31.1264
0.11317,46.0,-2.22528,29.9634
0.0848272,47.0,-2.25149,28.8508
0.0978409,48.0,-2.25777,27.725
0.0204743,49.0,-2.04986,26.5961
0.164245,50.0,-2.25139,25.5712
-0.0234087,51.0,-2.15064,24.4455
0.109499,52.0,-2.37348,23.3702
0.157282,53.0,-2.60068,22.1834
0.0581592,54.0,-2.68691,20.8831
0.377117,55.0,-2.92571,19.5396
0.27937,56.0,-2.6269,18.0768
0.302272,57.0,-2.41174,16.7633
0.266913,58.0,-2.34012,15.5575
0.255114,59.0,-2.14168,14.3874
0.465755,60.0,-2.38809,13.3166
0.219802,61.0,-2.14442,12.1225
0.229367,62.0,-1.92757,11.0503
0.119718,63.0,-1.34191,10.0865
0.268856,64.0,-1.00022,9.41558
0.278687,65.0,-0.574039,8.91547
0.116322,66.0,-0.350643,8.62845
0.0681467,67.0,0.0448067,8.45312
0.209472,68.0,0.52031,8.47553
0.0295695,69.0,0.875864,8.73568
0.210309,70.0,0.498766,9.17362
0.131579,71.0,0.383109,9.423
0.161327,72.0,0.456843,9.61455
0.237656,73.0,0.251633,9.84297
0.133862,74.0,0.725957,9.96879
0.0877713,75.0,0.533494,10.3318
0.195564,76.0,0.959764,10.5985
-0.0257138,77.0,0.983212,11.0784
0.217161,78.0,0.852719,11.57
0.0349003,79.0,1.00429,11.9964
-0.0980773,80.0,1.33567,12.4985
-0.0356202,81.0,1.36134,13.1663
0.00821614,82.0,1.49632,13.847
-0.164498,83.0,1.35101,14.5952
0.0382565,84.0,0.810352,15.2707
-0.0543063,85.0,0.938177,15.6758
0.14289,86.0,0.718182,16.1449
0.0255029,87.0,0.716837,16.504
0.18891,88.0,0.335776,16.8624
0.186965,89.0,0.0387276,17.0303
0.341438,90.0,0.0719222,17.0497
0.0859903,91.0,0.368144,17.0857
0.19346,92.0,0.441881,17.2697
0.380124,93.0,0.244822,17.4907
0.0985978,94.0,0.462861,17.6131
0.524155,95.0,0.55311,17.8445
0.481302,96.0,0.646074,18.1211
0.563379,97.0,0.842266,18.4441
-0.0019213,98.0,1.45623,18.8652
0.000662684,99.0,1.25966,19.5934
-0.122595,0.0,-0.274242,111.789
-0.131146,1.0,-0.307128,111.652
-0.216998,2.0,-0.295085,111.498
-0.214149,3.0,-0.366139,111.35
-0.227057,4.0,-0.857308,111.167
-0.132841,5.0,-0.575302,110.739
-0.111419,6.0,-0.845223,110.451
-0.110918,7.0,-0.990625,110.028
-0.153528,8.0,-1.14149,109.533
0.0072577,9.0,-1.03106,108.962
-0.254219,10.0,-0.794309,108.447
-0.295569,11.0,-0.837138,108.05
-0.300884,12.0,-0.734353,107.631
-0.259246,13.0,-1.12444,107.264
-0.131763,14.0,-1.44746,106.702
-0.22757,15.0,-1.32427,105.978
-0.199021,16.0,-1.50513,105.316
-0.167335,17.0,-1.32431,104.563
-0.266046,18.0,-1.44873,103.901
-0.236844,19.0,-1.93058,103.177
-0.146716,20.0,-1.89664,102.211
-0.129028,21.0,-1.81486,101.263
-0.117325,22.0,-2.37382,100.356
-0.111659,23.0,-2.54872,99.1688
-0.0637838,24.0,-2.70876,97.8945
-0.0464262,25.0,-2.47032,96.5401
-0.0668646,26.0,-2.33297,95.3049
-0.133801,27.0,-2.26726,94.1384
-0.224444,28.0,-2.31451,93.0048
-0.144376,29.0,-2.52058,91.8476
-0.141759,30.0,-2.50446,90.5873
-0.0638966,31.0,-3.02923,89.335
0.00894272,32.0,-2.9983,87.8204
-0.0819482,33.0,-2.85037,86.3213
-0.126716,34.0,-2.98229,84.8961
-0.0315734,35.0,-3.28188,83.4049
0.106668,36.0,-3.47914,81.764
0.0013175,37.0,-3.45208,80.0244
0.156484,38.0,-3.48292,78.2984
0.110533,39.0,-3.76308,76.5569
0.0896494,40.0,-3.68922,74.6754
0.0596639,41.0,-3.29816,72.8308
0.0402658,42.0,-3.17128,71.1817
0.136049,43.0,-3.5832,69.5961
0.0954676,44.0,-3.80592,67.8045
0.0353618,45.0,-3.43437,65.9015
0.155206,46.0,-3.75794,64.1843
0.188554,47.0,-3.90913,62.3054
0.0539662,48.0,-3.93241,60.3508
0.219763,49.0,-3.78397,58.3846
0.217866,50.0,-3.78976,56.4926
-0.00961626,51.0,-2.92741,54.5977
0.033787,52.0,-2.82569,53.134
0.175983,53.0,-2.8563,51.7212
-0.0266392,54.0,-2.76501,50.293
-0.0150411,55.0,-3.02909,48.9105
0.0326681,56.0,-2.89308,47.396
0.151972,57.0,-2.60909,45.9494
-0.0179952,58.0,-1.94765,44.6449
0.0950613,59.0,-2.05062,43.6711
0.0820333,60.0,-2.09494,42.6458
-0.0340855,61.0,-2.31844,41.5983
-0.0139837,62.0,-1.98455,40.4391
0.0309987,63.0,-2.21468,39.4468
0.076339,64.0,-1.80459,38.3394
-0.0599554,65.0,-1.76294,37.4372
0.138573,66.0,-2.0071,36.5557
-0.0612614,67.0,-1.66686,35.5521
-0.0227541,68.0,-1.88235,34.7187
0.112112,69.0,-2.17937,33.7775
0.234276,70.0,-2.09864,32.6878
0.100298,71.0,-1.46327,31.6385
0.0996692,72.0,-1.52898,30.9069
-0.0207877,73.0,-1.40638,30.1424
0.172202,74.0,-1.44013,29.4392
0.133721,75.0,-1.16223,28.7192
-0.0472887,76.0,-1.06138,28.138
-0.137394,77.0,-0.743595,27.6073
0.0354059,78.0,-1.39996,27.2355
0.0143896,79.0,-1.24633,26.5356
-0.0680515,80.0,-1.02985,25.9124
-0.0627085,81.0,-0.93339,25.3975
-0.00959682,82.0,-0.563432,24.9308
-0.145009,83.0,-0.455351,24.6491
-0.0734489,84.0,-0.827616,24.4214
0.0503711,85.0,-1.1678,24.0076
0.198883,86.0,-1.45099,23.4237
0.264478,87.0,-1.68256,22.6982
0.313,88.0,-1.9791,21.8569
0.423865,89.0,-2.09853,20.8674
0.186583,90.0,-1.73311,19.8181
0.399179,91.0,-1.39899,18.9515
0.531709,92.0,-1.28757,18.252
0.437356,93.0,-1.29925,17.6083
0.511099,94.0,-1.06272,16.9586
0.462147,95.0,-0.67694,16.4273
0.41406,96.0,-0.160166,16.0888
0.498776,97.0,-0.4149,16.0087
-0.0149022,98.0,-0.0226958,15.8013
-0.00851566,99.0,-0.189063,15.7899
0.215225,0.0,1.58449,-109.874
0.29331,1.0,1.30205,-109.082
0.281554,2.0,1.51466,-108.431
0.238714,3.0,1.99336,-107.673
0.272872,4.0,2.30297,-106.677
0.292846,5.0,2.61151,-105.525
0.105736,6.0,2.77464,-104.219
0.157289,7.0,3.03192,-102.832
0.0033325,8.0,3.48819,-101.316
0.171427,9.0,3.29077,-99.572
0.19476,10.0,3.54777,-97.9266
0.172981,11.0,3.80584,-96.1527
0.0501217,12.0,3.6106,-94.2498
0.182392,13.0,3.62338,-92.4445
0.154859,14.0,3.72931,-90.6328
0.0416021,15.0,3.49367,-88.7682
0.0224559,16.0,3.77675,-87.0213
0.120116,17.0,3.66564,-85.133
0.102787,18.0,4.1096,-83.3001
0.193915,19.0,4.15972,-81.2453
0.21608,20.0,3.84326,-79.1655
-0.0585851,21.0,3.75367,-77.2439
0.196805,22.0,3.84139,-75.367
0.116069,23.0,3.45505,-73.4463
0.105263,24.0,3.47176,-71.7188
0.111829,25.0,3.39142,-69.9829
0.169177,26.0,3.9255,-68.2872
-0.0437966,27.0,4.06756,-66.3245
0.0418069,28.0,3.92306,-64.2907
0.0605383,29.0,3.62635,-62.3291
0.0553353,30.0,3.67544,-60.516
0.0927728,31.0,4.03872,-58.6782
0.0765908,32.0,3.8953,-56.6589
-0.0272913,33.0,3.69156,-54.7112
0.0967011,34.0,3.68322,-52.8655
-0.0622733,35.0,3.88535,-51.0239
-0.121895,36.0,3.84314,-49.0812
0.12292,37.0,3.34076,-47.1596
0.237333,38.0,2.91328,-45.4892
0.149825,39.0,2.89351,-44.0326
0.191617,40.0,2.80407,-42.5858
0.0327026,41.0,2.75447,-41.1838
0.146737,42.0,2.38583,-39.8066
0.164976,43.0,2.07829,-38.6137
0.098367,44.0,2.20795,-37.5745
0.216859,45.0,2.34871,-36.4705
0.184027,46.0,2.58955,-35.2962
0.0887355,47.0,2.90063,-34.0014
0.100495,48.0,3.0783,-32.5511
0.0851994,49.0,2.58284,-31.0119
0.0270702,50.0,2.71612,-29.7205
0.221589,51.0,2.77461,-28.3625
0.00634325,52.0,2.98636,-26.9751
0.132909,53.0,3.12817,-25.482
-0.0351033,54.0,3.22176,-23.9179
-0.00747156,55.0,2.94283,-22.307
-0.0444558,56.0,3.14785,-20.8356
-0.030815,57.0,3.29595,-19.2617
-0.125926,58.0,3.53009,-17.6137
-0.23595,59.0,3.83728,-15.8486
-0.193764,60.0,3.51776,-13.93
0.037268,61.0,3.327,-12.1711
-0.153205,62.0,3.74942,-10.5076
-0.169114,63.0,3.909,-8.63291
-0.205706,64.0,4.03823,-6.67841
-0.275851,65.0,4.37906,-4.6593
-0.338888,66.0,3.91087,-2.46977
-0.313571,67.0,3.71134,-0.514333
-0.327617,68.0,3.60421,1.34134
-0.0830848,69.0,3.48858,3.14344
-0.261732,70.0,3.22585,4.88773
-0.21554,71.0,3.31918,6.50065
-0.24077,72.0,2.97252,8.16024
-0.251286,73.0,2.87286,9.64651
-0.21386,74.0,2.29722,11.0829
-0.27704,75.0,2.19554,12.2315
-0.0608597,76.0,2.18828,13.3293
-0.025564,77.0,2.13961,14.4235
-0.242324,78.0,2.14425,15.4933
-0.31075,79.0,2.57862,16.5654
-0.3453,80.0,2.37718,17.8547
-0.441476,81.0,2.0813,19.0433
-0.382983,82.0,1.51228,20.0839
-0.391892,83.0,1.34659,20.8401
-0.319232,84.0,1.18553,21.5134
-0.26525,85.0,0.995163,22.1061
-0.343164,86.0,0.987251,22.6037
-0.420341,87.0,0.936184,23.0973
-0.509649,88.0,0.474141,23.5654
-0.358644,89.0,-0.0926411,23.8025
-0.316089,90.0,-0.101462,23.7562
-0.119956,91.0,-0.677796,23.7055
-0.47227,92.0,-0.642755,23.3666
-0.0360823,93.0,-0.754273,23.0452
-0.311803,94.0,-0.96812,22.668
-0.320141,95.0,-0.917164,22.184
0.184887,96.0,-1.44957,21.7254
-0.0328501,97.0,-0.907583,21.0006
-0.000863969,98.0,-1.08168,20.5468
0.0232087,99.0,-1.68598,20.006
-0.0774322,0.0,0.553164,18.041
-0.131526,1.0,0.564746,18.3176
-0.105432,2.0,0.213885,18.5999
0.0794939,3.0,0.12976,18.7069
0.0681612,4.0,0.195422,18.7718
-0.0680762,5.0,0.471181,18.8695
-0.0671487,6.0,0.341297,19.1051
0.0872878,7.0,0.246157,19.2757
-0.0438595,8.0,0.108925,19.3988
-0.0105777,9.0,-0.0889532,19.4533
-0.0549107,10.0,-0.664209,19.4088
0.0811408,11.0,-1.12373,19.0767
0.164815,12.0,-1.27167,18.5148
0.139794,13.0,-1.47617,17.879
0.0681432,14.0,-1.85096,17.1409
0.0529046,15.0,-1.7529,16.2154
0.00314224,16.0,-1.86776,15.339
-0.025287,17.0,-2.13897,14.4051
0.0521609,18.0,-2.21008,13.3356
0.112402,19.0,-2.20815,12.2306
0.0628756,20.0,-2.0997,11.1265
-0.0520115,21.0,-2.05222,10.0766
0.186027,22.0,-2.39351,9.05052
0.0083034,23.0,-2.3258,7.85377
0.326982,24.0,-2.41586,6.69087
0.0933853,25.0,-2.07397,5.48294
0.28507,26.0,-2.15761,4.44596
0.23577,27.0,-2.0164,3.36715
0.189282,28.0,-1.74135,2.35895
0.183366,29.0,-1.55087,1.48828
0.19052,30.0,-1.24565,0.71284
0.232016,31.0,-1.24038,0.0900133
0.0771246,32.0,-1.35952,-0.530177
0.100101,33.0,-1.40011,-1.20994
0.10871,34.0,-1.53837,-1.90999
0.314269,35.0,-1.65717,-2.67917
0.222267,36.0,-1.63191,-3.50776
0.0763693,37.0,-0.998431,-4.32371
0.246318,38.0,-1.343,-4.82293
0.210771,39.0,-1.18453,-5.49443
0.046018,40.0,-0.972917,-6.08669
0.248133,41.0,-1.04189,-6.57315
0.145858,42.0,-0.914236,-7.0941
0.261215,43.0,-0.880245,-7.55121
0.279396,44.0,-0.598612,-7.99134
0.280872,45.0,-0.687937,-8.29064
0.208472,46.0,-0.293753,-8.63461
0.293981,47.0,-0.545146,-8.78149
0.278996,48.0,-0.327709,-9.05406
0.226404,49.0,-0.363851,-9.21791
0.140454,50.0,-0.402148,-9.39984
0.131455,51.0,-0.167001,-9.60091
0.228034,52.0,-0.134534,-9.68441
0.192353,53.0,-0.126341,-9.75168
0.107972,54.0,0.370675,-9.81485
0.241862,55.0,0.328511,-9.62951
0.124272,56.0,0.854241,-9.46526
0.122639,57.0,0.810415,-9.03814
0.125438,58.0,1.04427,-8.63293
0.104062,59.0,0.84994,-8.1108
0.101348,60.0,0.998953,-7.68582
0.165141,61.0,1.18004,-7.18635
-0.00924236,62.0,1.22092,-6.59633
0.0201336,63.0,1.04232,-5.98587
-0.0458109,64.0,1.44692,-5.46471
0.184758,65.0,1.37682,-4.74125
0.168586,66.0,1.46037,-4.05284
0.0795451,67.0,1.96083,-3.32265
-0.0095458,68.0,1.46678,-2.34224
0.0591176,69.0,1.85231,-1.60885
-0.104223,70.0,1.80346,-0.682689
-0.100932,71.0,1.85943,0.219042
0.0031296,72.0,1.99402,1.14876
-0.213282,73.0,2.10742,2.14576
-0.319731,74.0,2.38559,3.19948
-0.33112,75.0,2.10253,4.39227
-0.166297,76.0,1.60236,5.44353
-0.163899,77.0,1.96626,6.24472
-0.33562,78.0,2.07298,7.22785
-0.149216,79.0,1.97732,8.26434
-0.199468,80.0,1.76566,9.25299
-0.228815,81.0,1.64578,10.1358
-0.166741,82.0,0.979628,10.9587
-0.0669652,83.0,0.729939,11.4485
-0.136439,84.0,0.758525,11.8135
-0.142052,85.0,0.841665,12.1928
-0.154442,86.0,1.06953,12.6136
-0.201008,87.0,0.728405,13.1484
-0.214975,88.0,1.0683,13.5126
-0.328189,89.0,1.00678,14.0467
-0.239701,90.0,0.449728,14.5501
-0.1243,91.0,0.513926,14.775
-0.358227,92.0,0.384103,15.0319
-0.424316,93.0,0.168691,15.224
0.0088948,94.0,-0.495098,15.3083
-0.0362585,95.0,-0.367414,15.0608
0.177473,96.0,-0.62823,14.8771
-0.0441124,97.0,-0.447391,14.563
-0.023086,98.0,-0.103553,14.3393
-0.0451399,99.0,-0.215975,14.2875
-0.073836,0.0,0.542353,0.000976147
-0.00160176,1.0,0.637586,0.272152
-0.0904142,2.0,0.729999,0.590945
-0.019971,3.0,0.515189,0.955945
0.0375861,4.0,0.398911,1.21354
0.0981259,5.0,0.481633,1.41299
0.0998762,6.0,0.350342,1.65381
-0.0670245,7.0,0.540098,1.82898
-0.0654996,8.0,1.02183,2.09903
-0.0644326,9.0,0.886215,2.60995
0.0943183,10.0,0.715051,3.05306
-0.0817083,11.0,0.939245,3.41058
-0.0150648,12.0,0.882184,3.8802
-0.0542448,13.0,0.519875,4.3213
0.123324,14.0,0.0797217,4.58123
-0.0128697,15.0,-0.0790825,4.62109
-0.0507497,16.0,0.149878,4.58155
0.143737,17.0,-0.141877,4.65649
-0.0400987,18.0,-0.0894157,4.58555
0.100453,19.0,-0.134729,4.54084
-0.0194997,20.0,-0.143962,4.47348
0.0451705,21.0,-0.061003,4.4015
-0.0336801,22.0,-0.0671681,4.371
0.0473605,23.0,-0.0535256,4.33741
-0.00501335,24.0,0.241608,4.31065
0.124914,25.0,0.0735324,4.43145
0.0190804,26.0,-0.00609621,4.46822
0.106469,27.0,-0.115207,4.46517
-0.0481616,28.0,-0.0712811,4.40757
0.0199175,29.0,-0.0552544,4.37193
0.095921,30.0,0.0306766,4.3443
0.029875,31.0,-0.350071,4.35964
0.189315,32.0,-0.543781,4.1846
0.154844,33.0,-0.287639,3.91271
0.187442,34.0,-0.270847,3.76889
0.102014,35.0,-0.338988,3.63347
0.0509799,36.0,-0.509189,3.46398
0.0120641,37.0,-0.540513,3.20938
0.252534,38.0,-0.699768,2.93913
0.143567,39.0,-0.396224,2.58924
-0.052412,40.0,0.113036,2.39113
0.108942,41.0,-0.121734,2.44765
0.00781918,42.0,0.223603,2.38678
-0.0496892,43.0,0.642411,2.49858
-0.0560778,44.0,0.499428,2.81979
-0.105293,45.0,0.563546,3.0695
0.110791,46.0,0.467429,3.35128
0.00438058,47.0,0.494974,3.58499
0.202621,48.0,0.344407,3.83248
0.0826463,49.0,0.0689656,4.00468
0.184325,50.0,0.0580314,4.03916
0.0126231,51.0,0.21782,4.06818
-0.0632278,52.0,0.531002,4.17709
0.00791764,53.0,0.312572,4.44259
0.197051,54.0,0.0566912,4.59888
0.104503,55.0,0.389749,4.62722
0.16088,56.0,0.602002,4.8221
0.0151366,57.0,0.240952,5.1231
0.0284463,58.0,0.231229,5.24357
0.191478,59.0,0.432109,5.35919
0.145546,60.0,0.531056,5.57524
0.12499,61.0,0.26871,5.84077
0.165208,62.0,0.252789,5.97512
0.157581,63.0,0.480015,6.10152
0.0317657,64.0,0.670203,6.34153
0.120411,65.0,0.703722,6.67663
0.263201,66.0,0.533245,7.02849
0.00331068,67.0,0.546018,7.29511
0.227923,68.0,0.320714,7.56812
0.10577,69.0,0.375684,7.72848
0.0457826,70.0,0.368536,7.91632
0.162476,71.0,0.345123,8.10059
0.275895,72.0,0.185531,8.27315
0.31491,73.0,0.138779,8.36592
-0.00667876,74.0,0.0083918,8.43531
0.172463,75.0,-0.0293922,8.4395
0.060591,76.0,0.366155,8.42481
0.30011,77.0,0.36699,8.60788
0.169813,78.0,0.174543,8.79138
0.49497,79.0,-0.318932,8.87865
0.35896,80.0,-0.312254,8.71918
0.338969,81.0,-0.178392,8.56306
0.351328,82.0,-0.155634,8.47386
0.0178523,83.0,0.0331239,8.39604
0.441242,84.0,0.349898,8.41261
0.504069,85.0,0.855901,8.58755
0.260751,86.0,1.72235,9.0155
0.325328,87.0,1.85994,9.87668
0.292245,88.0,2.1037,10.8067
0.0588021,89.0,2.23469,11.8585
-0.0579668,90.0,2.35086,12.9758
-0.245015,91.0,2.26935,14.1513
-0.132918,92.0,2.02828,15.286
-0.244749,93.0,2.07264,16.3001
-0.497457,94.0,2.18589,17.3364
-0.456984,95.0,2.20731,18.4294
-0.303793,96.0,1.82241,19.533
-0.576058,97.0,1.81259,20.4442
-0.00310832,98.0,1.78716,21.3505
0.00411844,99.0,1.93107,22.2441
0.131992,0.0,-0.516884,-27.6179
0.305974,1.0,-0.473452,-27.8764
0.159607,2.0,-0.323007,-28.1131
0.342197,3.0,-0.447855,-28.2746
0.111963,4.0,-0.263419,-28.4985
0.270943,5.0,-0.418479,-28.6303
0.190063,6.0,-0.468919,-28.8395
0.163855,7.0,-0.2941,-29.074
0.236775,8.0,-0.375868,-29.221
0.159466,9.0,-0.0920162,-29.4089
0.290118,10.0,-0.153378,-29.4549
0.109475,11.0,-0.129338,-29.5316
0.115015,12.0,0.135356,-29.5963
0.170795,13.0,0.16018,-29.5286
0.249977,14.0,0.424383,-29.4485
0.182546,15.0,0.560855,-29.2363
0.195177,16.0,0.768874,-28.9559
0.283129,17.0,0.993371,-28.5715
0.207611,18.0,1.22469,-28.0748
0.27108,19.0,1.23032,-27.4624
0.307749,20.0,1.40113,-26.8473
0.156174,21.0,1.49967,-26.1467
0.136913,22.0,1.64921,-25.3969
0.190876,23.0,1.69881,-24.5723
0.286631,24.0,1.49438,-23.7229
0.254003,25.0,1.84344,-22.9757
0.132872,26.0,2.1102,-22.054
0.19465,27.0,2.43818,-20.9989
0.112291,28.0,2.9055,-19.7798
0.145716,29.0,3.06257,-18.327
0.10944,30.0,3.4862,-16.7957
0.0265863,31.0,3.57456,-15.0526
0.102399,32.0,3.43803,-13.2654
0.079996,33.0,3.236,-11.5463
0.009166,34.0,3.25229,-9.92835
0.0917054,35.0,2.86459,-8.3022
-0.0412512,36.0,3.26365,-6.86991
0.0123601,37.0,3.14577,-5.23808
0.126998,38.0,3.16799,-3.66519
0.0399717,39.0,3.25726,-2.0812
0.11922,40.0,3.31016,-0.452568
-0.0438493,41.0,3.60727,1.20251
-0.0307781,42.0,3.05705,3.00615
0.11358,43.0,2.96539,4.53467
-0.0286363,44.0,2.84972,6.01736
-0.00135881,45.0,3.13642,7.44222
-0.0157917,46.0,3.24342,9.01043
-0.109701,47.0,2.91261,10.6321
-0.127161,48.0,3.26662,12.0884
0.0107316,49.0,3.18995,13.7218
0.0346876,50.0,3.03474,15.3167
0.0335745,51.0,3.08394,16.8341
0.0365255,52.0,2.97315,18.3761
0.0321264,53.0,2.81463,19.8626
0.023962,54.0,2.51958,21.27
0.0542846,55.0,2.78186,22.5298
0.00234938,56.0,2.81906,23.9207
0.0126531,57.0,2.84825,25.3302
-0.0406247,58.0,2.75236,26.7543
-0.172284,59.0,2.81248,28.1305
0.0215601,60.0,2.70296,29.5368
-0.110951,61.0,2.49724,30.8882
-0.0267612,62.0,2.57956,32.1369
-0.0986054,63.0,2.4833,33.4266
-0.171306,64.0,2.88144,34.6683
-0.0898427,65.0,2.51245,36.109
-0.272964,66.0,2.58999,37.3652
-0.259402,67.0,2.64244,38.6602
-0.163442,68.0,2.41775,39.9815
-0.171925,69.0,2.57347,41.1903
-0.158239,70.0,2.24499,42.4771
-0.292226,71.0,2.09697,43.5996
-0.0937842,72.0,1.84589,44.648
-0.127803,73.0,1.72496,45.571
-0.182363,74.0,1.74211,46.4335
-0.162524,75.0,1.55803,47.3045
-0.0260577,76.0,1.90378,48.0835
-0.243354,77.0,2.05808,49.0354
-0.365744,78.0,2.213,50.0645
-0.213979,79.0,1.98015,51.171
-0.297499,80.0,2.10851,52.161
-0.219211,81.0,1.76447,53.2153
-0.282686,82.0,1.36723,54.0975
-0.299152,83.0,1.29468,54.7811
-0.159673,84.0,1.0233,55.4285
-0.203708,85.0,0.772996,55.9401
-0.365117,86.0,0.548673,56.3266
-0.179241,87.0,0.61683,56.601
-0.416681,88.0,0.773863,56.9094
-0.51699,89.0,0.530941,57.2963
-0.338962,90.0,-0.0309269,57.5618
-0.488751,91.0,-0.0869523,57.5463
-0.431593,92.0,-0.612211,57.5028
-0.0634071,93.0,-0.983232,57.1967
-0.409145,94.0,-0.757299,56.7051
-0.245233,95.0,-0.943564,56.3265
-0.40391,96.0,-1.40785,55.8547
-0.129558,97.0,-1.47399,55.1508
0.00057888,98.0,-1.27769,54.4138
-0.000627816,99.0,-1.39526,53.7749
-0.0503827,0.0,-1.47317,55.0438
-0.128368,1.0,-1.88249,54.3072
-0.0551676,2.0,-1.39707,53.366
-0.116876,3.0,-0.956257,52.6675
-0.0436695,4.0,-1.34782,52.1893
-0.150083,5.0,-1.91725,51.5154
-0.0734487,6.0,-2.03189,50.5568
-0.186684,7.0,-1.79629,49.5408
-0.0467082,8.0,-1.92143,48.6427
-0.163079,9.0,-1.71364,47.682
-0.182206,10.0,-1.59822,46.8252
-0.14689,11.0,-1.47195,46.0261
-0.0958882,12.0,-1.72303,45.2901
-0.110134,13.0,-1.76943,44.4286
-0.0901481,14.0,-1.84944,43.5438
-0.0537118,15.0,-1.95399,42.6191
-0.0776144,16.0,-2.30714,41.6421
0.0190924,17.0,-2.67162,40.4886
-0.129938,18.0,-2.65167,39.1528
0.0206234,19.0,-2.89618,37.8269
0.10033,20.0,-2.70518,36.3788
0.0500832,21.0,-2.42855,35.0262
-0.102041,22.0,-2.22634,33.812
0.0427502,23.0,-2.34382,32.6988
0.0582255,24.0,-2.50264,31.5269
0.0505426,25.0,-2.31566,30.2756
-0.105699,26.0,-2.08285,29.1177
-0.10567,27.0,-1.92204,28.0763
0.0787654,28.0,-1.87518,27.1153
-0.105191,29.0,-1.9569,26.1777
-0.166443,30.0,-2.09789,25.1993
-0.0863774,31.0,-2.3904,24.1503
-0.0349241,32.0,-2.38768,22.9551
0.000516653,33.0,-2.47621,21.7613
0.106393,34.0,-2.19624,20.5232
-0.12535,35.0,-1.99606,19.425
0.0754849,36.0,-2.3757,18.427
0.0797985,37.0,-2.17298,17.2392
-0.101062,38.0,-2.22981,16.1527
-0.0996865,39.0,-2.25244,15.0378
0.0642596,40.0,-2.48156,13.9115
0.0804112,41.0,-2.67873,12.6708
0.0491349,42.0,-2.54345,11.3314
-0.0504315,43.0,-2.47124,10.0597
0.144219,44.0,-2.36762,8.82406
0.0714902,45.0,-2.44719,7.64025
0.0293998,46.0,-2.3828,6.41666
0.0543528,47.0,-2.60515,5.22526
0.123738,48.0,-2.51905,3.92268
0.182534,49.0,-2.49629,2.66315
-0.0258769,50.0,-2.35714,1.41501
0.136317,51.0,-2.43633,0.236439
0.0129083,52.0,-2.48576,-0.981727
0.151233,53.0,-2.42467,-2.22461
0.0521889,54.0,-2.20506,-3.43695
0.10644,55.0,-2.37079,-4.53948
0.140228,56.0,-2.10201,-5.72487
0.0151461,57.0,-2.10577,-6.77588
0.129912,58.0,-2.08533,-7.82876
0.0421767,59.0,-2.02399,-8.87143
0.0670573,60.0,-2.04263,-9.88342
0.185956,61.0,-1.95497,-10.9047
0.205057,62.0,-1.93957,-11.8822
0.146666,63.0,-1.9393,-12.852
0.210399,64.0,-1.53858,-13.8217
0.0129108,65.0,-1.79384,-14.5909
0.100624,66.0,-1.96773,-15.4879
0.204626,67.0,-2.09285,-16.4717
0.212698,68.0,-1.98949,-17.5182
-0.0365585,69.0,-1.62081,-18.5129
0.150562,70.0,-1.47412,-19.3233
0.200471,71.0,-1.29496,-20.0604
0.095598,72.0,-1.08589,-20.7078
-0.0168399,73.0,-0.958014,-21.2508
0.0217241,74.0,-0.801045,-21.7298
-0.0234298,75.0,-0.763966,-22.1303
0.260551,76.0,-1.04697,-22.5123
0.223588,77.0,-0.984099,-23.0358
0.137128,78.0,-0.299988,-23.5278
0.133742,79.0,-0.317456,-23.6778
0.14633,80.0,-0.355086,-23.8366
0.130873,81.0,-0.266359,-24.0141
0.182687,82.0,-0.377616,-24.1473
0.137531,83.0,-0.199613,-24.3361
0.111068,84.0,-0.0541619,-24.4359
0.227043,85.0,-0.148392,-24.463
0.11996,86.0,-0.0793702,-24.5372
0.0729147,87.0,0.230334,-24.5769
-0.0522112,88.0,0.570373,-24.4617
-0.156634,89.0,0.561264,-24.1765
-0.172395,90.0,0.775982,-23.8959
-0.180007,91.0,0.487953,-23.5079
-0.252372,92.0,0.429952,-23.2639
0.0741172,93.0,0.389561,-23.0489
-0.279446,94.0,0.649724,-22.8541
-0.539653,95.0,1.25946,-22.5293
-0.492831,96.0,0.775248,-21.8995
-0.593473,97.0,0.415271,-21.5119
0.00094223,98.0,0.185149,-21.3043
-0.00295454,99.0,0.330508,-21.2117
-0.125193,0.0,-0.329002,103.303
-0.0144655,1.0,-0.13349,103.138
-0.115173,2.0,-0.0318688,103.072
-0.1567,3.0,0.00137304,103.056
-0.20043,4.0,-0.158582,103.056
-0.0823413,5.0,-0.170738,102.977
-0.191308,6.0,0.101602,102.892
-0.0518851,7.0,-0.54456,102.943
-0.078555,8.0,-1.02576,102.67
-0.0265957,9.0,-1.07308,102.157
-0.0945392,10.0,-0.823896,101.621
-0.20422,11.0,-0.607282,101.209
0.0285826,12.0,-0.857963,100.905
-0.0123422,13.0,-0.624782,100.476
-0.0626525,14.0,-0.791442,100.164
-0.22563,15.0,-0.230755,99.7682
-0.139492,16.0,-0.373988,99.6528
-0.0572034,17.0,-0.42021,99.4658
-0.11858,18.0,-0.505207,99.2557
-0.0626587,19.0,-0.394194,99.0031
-0.110902,20.0,-0.263666,98.806
-0.252255,21.0,-0.380238,98.6742
-0.170168,22.0,-0.357618,98.484
-0.225808,23.0,-0.331837,98.3052
-0.219625,24.0,-0.0471236,98.1393
-0.194374,25.0,-0.232264,98.1158
-0.0743862,26.0,-0.551614,97.9996
-0.159684,27.0,-0.593582,97.7238
-0.13536,28.0,-1.04739,97.427
-0.165452,29.0,-1.10205,96.9033
-0.119707,30.0,-1.35413,96.3523
-0.188689,31.0,-0.924974,95.6752
-0.134566,32.0,-0.965942,95.2127
-0.254601,33.0,-0.840927,94.7298
-0.062653,34.0,-0.885682,94.3093
-0.0796819,35.0,-0.892091,93.8665
-0.235155,36.0,-0.990536,93.4204
-0.0920126,37.0,-1.05011,92.9252
-0.200702,38.0,-0.795013,92.4001
-0.235005,39.0,-1.28235,92.0026
-0.0579799,40.0,-1.64496,91.3614
-0.0813613,41.0,-1.45205,90.5389
-0.124872,42.0,-1.66378,89.8129
-0.135489,43.0,-1.95313,88.981
-0.149355,44.0,-2.04086,88.0045
-0.00367689,45.0,-2.08762,86.984
-0.117004,46.0,-1.90762,85.9402
-0.107482,47.0,-1.77705,84.9864
-0.177266,48.0,-1.78142,84.0979
-0.256491,49.0,-1.60006,83.2072
-0.0166976,50.0,-1.29873,82.4072
-0.174656,51.0,-1.39282,81.7578
-0.177406,52.0,-1.30538,81.0614
-0.149927,53.0,-1.30701,80.4087
-0.286872,54.0,-1.21942,79.7552
-0.276175,55.0,-1.06224,79.1455
-0.282661,56.0,-1.29033,78.6144
-0.192071,57.0,-1.35909,77.9692
-0.292583,58.0,-0.718419,77.2896
-0.361636,59.0,-0.963278,76.9304
-0.261877,60.0,-0.811228,76.4488
-0.208932,61.0,-0.968806,76.0432
-0.00669688,62.0,-0.961076,75.5588
-0.347538,63.0,-1.28613,75.0782
-0.0804608,64.0,-1.2635,74.4352
-0.0341131,65.0,-1.20928,73.8034
-0.278338,66.0,-1.12482,73.1988
-0.203869,67.0,-0.978793,72.6364
-0.391521,68.0,-0.847911,72.147
-0.351947,69.0,-1.26311,71.723
-0.412455,70.0,-1.29274,71.0915
-0.292135,71.0,-1.53714,70.4451
-0.184528,72.0,-1.91434,69.6765
-0.377978,73.0,-1.92654,68.7194
-0.265122,74.0,-2.29325,67.7561
-0.282129,75.0,-2.13019,66.6095
-0.118915,76.0,-2.59641,65.5444
-0.0911698,77.0,-2.62441,64.2462
-0.191755,78.0,-2.59627,62.934
0.0399572,79.0,-2.75906,61.6358
0.11846,80.0,-2.89414,60.2563
0.206123,81.0,-3.10347,58.8092
0.0662522,82.0,-2.82554,57.2575
0.0369774,83.0,-2.52112,55.8447
0.170968,84.0,-2.48897,54.5842
0.163704,85.0,-2.28819,53.3397
-0.0148768,86.0,-1.74388,52.1956
-0.0355082,87.0,-1.52806,51.3237
-0.247439,88.0,-1.56827,50.5596
0.204736,89.0,-1.99132,49.7755
0.364587,90.0,-2.07694,48.7798
0.271096,91.0,-1.99029,47.7414
0.320686,92.0,-2.29941,46.7462
0.48731,93.0,-1.81252,45.5965
0.392636,94.0,-1.65913,44.6902
0.435579,95.0,-1.42648,43.8607
0.414999,96.0,-1.34675,43.1474
0.571488,97.0,-0.917111,42.4741
-0.00251424,98.0,-0.826544,42.0155
-0.00418764,99.0,-0.569246,41.6022
0.341158,0.0,-0.928892,-69.859
0.180005,1.0,-0.372184,-70.3234
0.154157,2.0,-0.0729646,-70.5095
0.31105,3.0,-0.048493,-70.546
0.170528,4.0,0.31513,-70.5703
0.168118,5.0,0.226288,-70.4127
0.298279,6.0,0.564467,-70.2996
0.318701,7.0,0.348147,-70.0173
0.261705,8.0,0.551771,-69.8432
0.152118,9.0,0.792699,-69.5674
0.306312,10.0,0.818879,-69.171
0.15108,11.0,1.03377,-68.7616
0.325188,12.0,0.606967,-68.2447
0.136371,13.0,1.12868,-67.9412
0.179717,14.0,1.19173,-67.3769
0.190582,15.0,1.13281,-66.781
0.16366,16.0,1.17783,-66.2146
0.15951,17.0,1.00721,-65.6257
0.242432,18.0,1.34836,-65.1221
0.227305,19.0,1.48423,-64.4479
0.0190538,20.0,1.57476,-63.7058
0.306169,21.0,1.37916,-62.9184
0.0563891,22.0,1.59891,-62.2288
0.113681,23.0,1.4675,-61.4294
0.239916,24.0,1.96952,-60.6956
0.288884,25.0,1.7243,-59.7109
0.295922,26.0,1.65303,-58.8487
0.254326,27.0,2.09655,-58.0222
0.189117,28.0,2.21033,-56.9739
0.0630761,29.0,2.34538,-55.8688
0.0968274,30.0,2.53401,-54.6961
0.178827,31.0,2.97193,-53.4291
0.0863706,32.0,2.99584,-51.9431
0.0513854,33.0,3.18551,-50.4452
-0.0688756,34.0,3.50405,-48.8524
0.0777031,35.0,3.51586,-47.1004
-0.0179105,36.0,3.54533,-45.3425
0.00139046,37.0,3.54331,-43.5698
0.07939,38.0,3.5355,-41.7981
-0.0214396,39.0,3.31054,-40.0304
0.0782403,40.0,3.14569,-38.3751
0.122221,41.0,3.12638,-36.8023
0.0647655,42.0,3.48404,-35.2391
0.0697733,43.0,3.27375,-33.4971
0.0898659,44.0,3.1251,-31.8602
-0.0425857,45.0,3.13154,-30.2976
0.0513294,46.0,3.22573,-28.7319
-0.160279,47.0,3.31571,-27.119
-0.110875,48.0,3.43586,-25.4612
-0.00932932,49.0,2.94081,-23.7432
-0.0902944,50.0,3.03996,-22.2728
0.0169407,51.0,2.79185,-20.7528
0.154737,52.0,2.60167,-19.3569
0.0428568,53.0,2.52917,-18.0561
0.0878441,54.0,2.72698,-16.7915
-0.136678,55.0,2.93144,-15.428
-0.0528933,56.0,2.77752,-13.9623
-0.0153553,57.0,2.43952,-12.5735
-0.025278,58.0,2.44914,-11.3538
-0.0252903,59.0,2.25104,-10.1292
0.0686269,60.0,1.75999,-9.00368
0.0460767,61.0,2.00828,-8.12368
0.149102,62.0,1.67577,-7.11954
0.188713,63.0,1.26057,-6.28166
-0.0575165,64.0,1.91378,-5.65137
0.069213,65.0,1.77259,-4.69448
0.229334,66.0,1.79928,-3.80819
0.0914513,67.0,1.83556,-2.90855
0.0357883,68.0,1.7932,-1.99077
0.119609,69.0,2.1036,-1.09417
-0.0259885,70.0,2.11271,-0.0423694
0.0475041,71.0,2.39678,1.01399
0.210538,72.0,1.7969,2.21237
-0.0250835,73.0,1.94752,3.11083
0.100669,74.0,1.92633,4.08458
0.0206977,75.0,2.20813,5.04775
-0.190029,76.0,2.46315,6.15181
-0.191361,77.0,2.13169,7.38339
0.0274525,78.0,1.81176,8.44923
-0.0716368,79.0,2.01558,9.35511
-0.034781,80.0,1.78058,10.3629
-0.0696303,81.0,1.67569,11.2532
-0.187188,82.0,1.73059,12.091
-0.0315204,83.0,1.44648,12.9563
-0.0347597,84.0,1.46106,13.6796
-0.101678,85.0,1.39735,14.4101
-0.000799716,86.0,1.28019,15.1088
-0.0453273,87.0,0.880436,15.7489
0.0234854,88.0,0.9916,16.1891
-0.225955,89.0,1.218,16.6849
-0.0889601,90.0,1.02718,17.2939
0.0651449,91.0,0.722922,17.8075
-0.108386,92.0,1.07645,18.1689
-0.35433,93.0,1.16697,18.7072
-0.171253,94.0,1.00873,19.2907
-0.202816,95.0,0.698169,19.795
-0.518398,96.0,0.696233,20.1441
-0.266819,97.0,0.131585,20.4922
-0.000917077,98.0,0.318058,20.558
-0.00136286,99.0,0.317618,20.717
