action: u,states: t,states: v,states: x
-0.249234,0.0,0.44069,90.5333
-0.244917,1.0,0.751458,90.7536
-0.163252,2.0,0.756578,91.1293
-0.145369,3.0,0.653233,91.5076
-0.343954,4.0,0.546592,91.8343
-0.246793,5.0,0.4271,92.1075
-0.118914,6.0,0.492798,92.3211
-0.234452,7.0,0.133009,92.5675
-0.323268,8.0,-0.0202489,92.634
-0.220413,9.0,-0.462623,92.6239
-0.246818,10.0,-0.922691,92.3926
-0.124846,11.0,-1.11808,91.9312
-0.0866926,12.0,-1.07831,91.3722
-0.259391,13.0,-0.941384,90.833
-0.172651,14.0,-1.40455,90.3623
-0.171065,15.0,-1.36776,89.66
-0.145845,16.0,-1.75345,88.9762
-0.136946,17.0,-1.83766,88.0994
-0.0573427,18.0,-1.73648,87.1806
-0.254651,19.0,-1.4034,86.3124
-0.145639,20.0,-1.6928,85.6107
-0.256815,21.0,-1.92727,84.7643
-0.282627,22.0,-1.99429,83.8006
-0.0623178,23.0,-2.43667,82.8035
-0.187834,24.0,-2.42858,81.5852
-0.117066,25.0,-2.71385,80.3709
-0.210143,26.0,-2.98529,79.0139
-0.144585,27.0,-3.1449,77.5213
0.000416398,28.0,-3.21149,75.9489
-0.164407,29.0,-3.20382,74.3431
-0.144034,30.0,-3.35203,72.7412
0.107659,31.0,-3.55608,71.0652
0.0638055,32.0,-3.50385,69.2872
-0.0550326,33.0,-3.77905,67.5352
-0.0549082,34.0,-3.84649,65.6457
0.13332,35.0,-4.03053,63.7225
0.0436648,36.0,-4.08137,61.7072
0.214326,37.0,-4.47953,59.6665
0.113511,38.0,-4.56413,57.4267
0.137861,39.0,-4.3664,55.1447
0.0473142,40.0,-4.20199,52.9615
0.139246,41.0,-4.07411,50.8605
0.0201614,42.0,-4.03413,48.8234
0.184727,43.0,-4.08029,46.8064
0.240263,44.0,-4.3544,44.7662
0.232544,45.0,-4.10217,42.589
0.299179,46.0,-4.2141,40.5379
0.0611587,47.0,-4.11657,38.4309
0.238786,48.0,-4.39539,36.3726
0.283279,49.0,-4.27751,34.1749
0.213341,50.0,-4.33248,32.0362
0.210183,51.0,-4.4495,29.8699
0.259678,52.0,-4.71303,27.6452
0.217392,53.0,-4.61644,25.2887
0.317939,54.0,-4.50904,22.9804
0.182759,55.0,-4.28566,20.7259
0.164821,56.0,-4.06833,18.5831
0.21075,57.0,-3.68049,16.5489
0.199595,58.0,-3.50188,14.7087
0.109347,59.0,-3.09851,12.9577
0.251401,60.0,-3.1421,11.4085
0.245253,61.0,-2.98977,9.83743
0.27964,62.0,-2.7233,8.34255
0.237451,63.0,-2.7538,6.9809
0.239846,64.0,-3.01005,5.604
0.342348,65.0,-3.28108,4.09898
0.252665,66.0,-3.03682,2.45844
0.280461,67.0,-2.89558,0.940027
0.331302,68.0,-2.61397,-0.507762
0.241957,69.0,-2.14507,-1.81475
0.357689,70.0,-2.02703,-2.88729
0.151591,71.0,-1.66431,-3.9008
0.407525,72.0,-1.51543,-4.73295
0.332274,73.0,-1.1704,-5.49067
0.230636,74.0,-0.859592,-6.07587
0.286742,75.0,-0.595609,-6.50567
0.0591841,76.0,-0.751735,-6.80347
0.179097,77.0,-1.05096,-7.17934
0.361807,78.0,-1.06029,-7.70482
0.358606,79.0,-1.00357,-8.23497
0.494331,80.0,-0.741345,-8.73675
0.453284,81.0,-0.51994,-9.10742
0.260402,82.0,-0.162485,-9.36739
0.488596,83.0,-0.0776166,-9.44864
0.506778,84.0,0.0228151,-9.48744
0.270984,85.0,0.483072,-9.47604
0.412413,86.0,0.613615,-9.2345
0.46013,87.0,0.619981,-8.92769
0.381987,88.0,0.531452,-8.6177
0.369148,89.0,0.566693,-8.35198
0.466739,90.0,0.52206,-8.06863
0.454286,91.0,0.985813,-7.8076
0.548906,92.0,1.069,-7.31469
0.412524,93.0,1.41523,-6.7802
0.483171,94.0,1.57809,-6.07258
0.370656,95.0,1.90622,-5.28354
0.466999,96.0,1.89731,-4.33043
0.513049,97.0,2.12142,-3.38177
-0.0106287,98.0,2.34204,-2.32106
0.00410485,99.0,2.08092,-1.15004
-0.265235,0.0,1.24821,82.4703
0.0518891,1.0,1.35547,83.0944
-0.303035,2.0,1.5354,83.7721
-0.347472,3.0,1.36707,84.5398
-0.267716,4.0,1.30231,85.2234
-0.166597,5.0,0.98571,85.8745
-0.123835,6.0,1.14331,86.3674
-0.120168,7.0,1.26424,86.939
-0.329762,8.0,1.22071,87.5712
-0.238269,9.0,1.08309,88.1815
-0.298041,10.0,1.02452,88.7231
-0.178087,11.0,0.720847,89.2353
-0.242865,12.0,0.575226,89.5958
-0.179869,13.0,0.410153,89.8834
-0.285673,14.0,0.0907974,90.0884
-0.214008,15.0,-0.535603,90.1339
-0.27764,16.0,-0.481843,89.8661
-0.126764,17.0,-0.433191,89.6251
-0.231329,18.0,-0.529403,89.4085
-0.00831109,19.0,-0.570456,89.1438
-0.162166,20.0,-0.232004,88.8586
-0.18904,21.0,-0.240408,88.7426
-0.12564,22.0,-0.494833,88.6224
-0.222417,23.0,-0.308912,88.375
-0.265214,24.0,-0.419929,88.2205
-0.274121,25.0,-0.387247,88.0106
0.0505204,26.0,-0.690955,87.8169
-0.194711,27.0,-0.886888,87.4715
-0.27626,28.0,-0.878061,87.028
-0.370022,29.0,-0.58322,86.589
-0.265985,30.0,-1.26047,86.2974
-0.27891,31.0,-1.76046,85.6671
-0.276709,32.0,-2.07771,84.7869
-0.0780501,33.0,-2.6709,83.7481
0.115004,34.0,-2.94644,82.4126
-0.0872784,35.0,-2.94056,80.9394
-0.0202394,36.0,-3.0758,79.4691
0.0433992,37.0,-3.32161,77.9312
0.133566,38.0,-3.51465,76.2704
0.108229,39.0,-3.65675,74.5131
0.0250044,40.0,-3.39768,72.6847
0.105322,41.0,-3.43703,70.9859
0.0943776,42.0,-3.29377,69.2673
0.00643659,43.0,-3.0595,67.6205
0.0799406,44.0,-2.80334,66.0907
0.0149961,45.0,-2.71159,64.689
-0.06707,46.0,-2.34496,63.3332
-0.110039,47.0,-2.06809,62.1608
-0.112438,48.0,-2.02268,61.1267
-0.0724371,49.0,-1.73964,60.1154
-0.127031,50.0,-2.25436,59.2456
-0.252187,51.0,-1.54575,58.1184
-0.256807,52.0,-1.8522,57.3455
-0.239723,53.0,-1.98062,56.4194
0.0112364,54.0,-2.3397,55.4291
-0.103155,55.0,-2.30194,54.2592
0.0313156,56.0,-2.5423,53.1083
-0.097529,57.0,-2.53763,51.8371
-0.133698,58.0,-2.61141,50.5683
0.0831025,59.0,-2.56257,49.2626
-0.084396,60.0,-2.31183,47.9813
-0.00213867,61.0,-2.35395,46.8254
-0.0711827,62.0,-2.23388,45.6484
-0.00714785,63.0,-2.39541,44.5315
0.0772411,64.0,-2.76008,43.3338
0.0264535,65.0,-2.91117,41.9538
0.0818059,66.0,-2.53064,40.4982
0.103402,67.0,-2.62761,39.2328
0.154313,68.0,-2.35063,37.919
0.137428,69.0,-2.1788,36.7437
-0.0319138,70.0,-2.02167,35.6543
0.226998,71.0,-2.24219,34.6435
0.0107737,72.0,-1.92335,33.5224
0.111757,73.0,-2.22494,32.5607
0.0898991,74.0,-2.23328,31.4483
0.281361,75.0,-2.58999,30.3316
0.0942496,76.0,-2.7485,29.0366
0.378896,77.0,-2.70712,27.6624
0.130392,78.0,-2.38889,26.3088
0.282031,79.0,-1.77767,25.1144
0.137586,80.0,-1.59221,24.2255
0.202266,81.0,-1.26788,23.4294
0.0551372,82.0,-0.547479,22.7955
-0.023679,83.0,-0.497812,22.5218
0.0912046,84.0,-0.526392,22.2728
-0.071481,85.0,-0.316633,22.0096
0.0926331,86.0,-0.749457,21.8513
0.0744451,87.0,-0.555694,21.4766
-0.0659394,88.0,-0.433831,21.1988
0.298806,89.0,-0.757829,20.9818
0.0161805,90.0,-0.200461,20.6029
0.168578,91.0,-0.289283,20.5027
-0.0133718,92.0,-0.165512,20.3581
0.0614113,93.0,-0.158475,20.2753
-0.00934792,94.0,-0.0884923,20.1961
-0.0164058,95.0,-0.0802968,20.1518
0.0365906,96.0,-0.264628,20.1117
0.325684,97.0,-0.439923,19.9794
-0.00118852,98.0,-0.544198,19.7594
0.000965834,99.0,-0.0386922,19.4873
0.359984,0.0,-2.3436,17.3531
0.312513,1.0,-2.53965,16.1813
0.335606,2.0,-2.66033,14.9115
-0.0330857,3.0,-2.46366,13.5814
0.323526,4.0,-2.60857,12.3495
0.40211,5.0,-2.39228,11.0452
0.288373,6.0,-2.12546,9.8491
0.289067,7.0,-2.36055,8.78637
0.340987,8.0,-1.95298,7.6061
0.284124,9.0,-1.57444,6.62961
0.383814,10.0,-1.56362,5.84239
0.275076,11.0,-1.16965,5.06058
0.33744,12.0,-1.03202,4.47575
0.424631,13.0,-0.979321,3.95975
0.393671,14.0,-0.953087,3.47008
0.276924,15.0,-0.875952,2.99354
0.293828,16.0,-0.897247,2.55557
0.172679,17.0,-0.205206,2.10694
0.336406,18.0,0.275205,2.00434
0.224549,19.0,0.882935,2.14194
0.313729,20.0,0.793458,2.58341
0.334928,21.0,0.727801,2.98014
0.248853,22.0,0.853547,3.34404
0.292476,23.0,0.96477,3.77081
0.237427,24.0,0.86797,4.2532
0.152135,25.0,0.960059,4.68718
0.295105,26.0,1.23208,5.16721
0.16384,27.0,1.53808,5.78325
0.142095,28.0,1.77069,6.55229
0.180672,29.0,2.09944,7.43763
0.244732,30.0,2.22131,8.48735
0.278729,31.0,2.0631,9.59801
0.201149,32.0,1.92249,10.6296
0.283705,33.0,1.77956,11.5908
0.299711,34.0,1.95691,12.4806
0.308233,35.0,2.18084,13.459
0.318514,36.0,2.4801,14.5495
0.256817,37.0,2.40034,15.7895
0.336522,38.0,2.42331,16.9897
0.179243,39.0,2.60585,18.2013
0.359049,40.0,2.44842,19.5043
0.210331,41.0,2.5423,20.7285
0.309239,42.0,2.52761,21.9996
0.152259,43.0,2.61273,23.2634
0.194047,44.0,2.76109,24.5698
0.35441,45.0,2.91644,25.9503
0.269207,46.0,3.3329,27.4086
0.192275,47.0,3.77661,29.075
0.242046,48.0,3.94041,30.9633
0.172813,49.0,3.56347,32.9335
0.203705,50.0,3.66227,34.7153
0.238874,51.0,3.79729,36.5464
0.113694,52.0,3.83233,38.445
0.00729287,53.0,3.81676,40.3612
0.108726,54.0,3.95862,42.2696
-0.0194541,55.0,3.97821,44.2489
0.229554,56.0,3.72216,46.238
0.168043,57.0,3.68308,48.0991
0.185713,58.0,3.56446,49.9406
0.130995,59.0,3.52951,51.7228
-0.0197613,60.0,3.64132,53.4876
0.081905,61.0,3.63851,55.3083
0.0970666,62.0,3.87562,57.1275
-0.0120269,63.0,3.94329,59.0653
-0.168101,64.0,4.30062,61.037
-0.177808,65.0,3.9625,63.1873
-0.0191236,66.0,4.00821,65.1685
-0.248165,67.0,4.08034,67.1726
-0.0947654,68.0,3.95487,69.2128
-0.147509,69.0,3.8117,71.1902
-0.151602,70.0,3.79685,73.0961
-0.130646,71.0,3.68724,74.9945
-0.306809,72.0,3.94951,76.8382
-0.291718,73.0,3.51885,78.8129
-0.285786,74.0,3.54085,80.5723
-0.234176,75.0,3.57631,82.3428
-0.356575,76.0,3.47656,84.1309
-0.280302,77.0,3.49161,85.8692
-0.280632,78.0,3.25389,87.615
-0.287571,79.0,3.08709,89.2419
-0.291366,80.0,2.83506,90.7855
-0.237763,81.0,2.7471,92.203
-0.389948,82.0,2.66911,93.5766
-0.228653,83.0,2.19941,94.9111
-0.346176,84.0,1.78298,96.0108
-0.192139,85.0,1.61618,96.9023
-0.242243,86.0,1.5472,97.7104
-0.199843,87.0,1.50435,98.484
-0.448047,88.0,1.12859,99.2362
-0.147864,89.0,0.806696,99.8005
-0.335783,90.0,0.657983,100.204
-0.405629,91.0,0.481059,100.533
-0.441142,92.0,0.277305,100.773
-0.373522,93.0,-0.246097,100.912
-0.384369,94.0,-0.276303,100.789
-0.0928198,95.0,-0.422828,100.651
-0.557639,96.0,-0.202696,100.439
-0.386791,97.0,-0.70321,100.338
7.15256e-07,98.0,-0.982357,99.9864
-0.000653803,99.0,-1.21601,99.4953
-0.028284,0.0,-0.217135,38.0472
-0.176907,1.0,-0.448386,37.9386
-0.0618584,2.0,-0.118359,37.7144
0.000461459,3.0,0.078053,37.6553
-0.144662,4.0,-0.157194,37.6943
-0.0693828,5.0,-0.329489,37.6157
-0.0139509,6.0,-0.0997927,37.4509
-0.180787,7.0,-0.627901,37.401
-0.00946254,8.0,-1.0242,37.0871
-0.0035879,9.0,-1.35027,36.575
-0.0224537,10.0,-1.53528,35.8999
0.0543916,11.0,-1.08808,35.1322
-0.0684369,12.0,-0.947986,34.5882
-0.00353914,13.0,-0.942691,34.1142
-0.0275558,14.0,-1.13424,33.6428
-0.0219182,15.0,-1.2384,33.0757
0.00285649,16.0,-1.64395,32.4565
0.0563725,17.0,-1.69948,31.6346
0.101488,18.0,-1.81433,30.7848
-0.0858681,19.0,-1.794,29.8777
0.0700142,20.0,-1.68126,28.9807
-0.0229684,21.0,-1.52447,28.14
-0.0319458,22.0,-1.27299,27.3778
0.0219371,23.0,-1.20776,26.7413
0.048456,24.0,-1.48475,26.1374
-0.0697353,25.0,-1.40274,25.395
-0.0733824,26.0,-1.30344,24.6937
0.0573704,27.0,-1.52444,24.042
0.0498525,28.0,-1.18337,23.2797
0.00694025,29.0,-1.1451,22.688
-0.0493873,30.0,-1.03567,22.1155
-0.0678783,31.0,-0.910936,21.5977
0.00255418,32.0,-0.75171,21.1422
-0.0458019,33.0,-0.642175,20.7663
-0.0392953,34.0,-1.04053,20.4453
-0.00837034,35.0,-1.37501,19.925
0.0348066,36.0,-1.4296,19.2375
-0.0426643,37.0,-1.71038,18.5227
-0.00842565,38.0,-1.85655,17.6675
0.0769658,39.0,-1.85413,16.7392
0.0805153,40.0,-1.65813,15.8121
-0.0191705,41.0,-1.73095,14.9831
-0.0386397,42.0,-1.92492,14.1176
-0.0534086,43.0,-2.18883,13.1551
0.121616,44.0,-2.0757,12.0607
0.124904,45.0,-2.11552,11.0229
0.090017,46.0,-2.16682,9.96512
0.102395,47.0,-2.11229,8.88171
0.0960139,48.0,-1.94398,7.82557
0.00290251,49.0,-2.1666,6.85357
-0.0111396,50.0,-2.24138,5.77028
-0.00106055,51.0,-2.29372,4.64959
0.222121,52.0,-2.22969,3.50273
0.0213102,53.0,-2.05104,2.38788
0.151536,54.0,-2.12645,1.36236
0.13351,55.0,-1.69772,0.299138
0.00772393,56.0,-1.79382,-0.549723
0.180435,57.0,-1.62703,-1.44663
-0.0527746,58.0,-1.37832,-2.26015
-0.0772029,59.0,-0.986767,-2.94931
-0.0511659,60.0,-1.11063,-3.44269
0.0452541,61.0,-0.971716,-3.99801
0.0640222,62.0,-1.03821,-4.48387
0.0238905,63.0,-1.06463,-5.00297
-0.0376083,64.0,-1.1963,-5.53529
-0.00633115,65.0,-1.47729,-6.13344
-0.0459011,66.0,-1.09902,-6.87208
-0.0140924,67.0,-0.830867,-7.4216
-0.0142809,68.0,-1.08437,-7.83703
-0.0264872,69.0,-0.781399,-8.37921
0.103114,70.0,-0.940212,-8.76991
-0.014543,71.0,-1.17035,-9.24002
0.0689024,72.0,-1.4511,-9.8252
0.119715,73.0,-1.60789,-10.5507
0.200054,74.0,-1.35247,-11.3547
0.225093,75.0,-1.24057,-12.0309
0.178702,76.0,-0.912733,-12.6512
0.137283,77.0,-0.670179,-13.1076
-0.0913776,78.0,-1.11147,-13.4427
0.00601518,79.0,-1.16401,-13.9984
0.145052,80.0,-1.18528,-14.5804
0.237849,81.0,-1.54554,-15.173
0.382116,82.0,-1.89633,-15.9458
0.138946,83.0,-1.59045,-16.894
0.434805,84.0,-1.61217,-17.6892
0.489673,85.0,-1.4473,-18.4953
0.549452,86.0,-1.17752,-19.2189
0.413997,87.0,-1.27574,-19.8077
0.556619,88.0,-1.05134,-20.4456
0.336198,89.0,-0.782433,-20.9712
0.515388,90.0,-0.988419,-21.3624
0.516471,91.0,-0.380298,-21.8567
0.466766,92.0,-0.0457816,-22.0468
0.465766,93.0,0.190208,-22.0697
0.519738,94.0,0.407527,-21.9746
0.467594,95.0,0.375376,-21.7708
0.0952402,96.0,0.59241,-21.5831
0.461667,97.0,0.923274,-21.2869
0.0195647,98.0,1.20155,-20.8253
-0.0122625,99.0,1.07943,-20.2245
0.371517,0.0,1.04082,-173.796
0.407031,1.0,1.39281,-173.276
0.270787,2.0,1.70988,-172.579
0.424495,3.0,1.78848,-171.724
0.331208,4.0,1.90983,-170.83
0.417547,5.0,2.04541,-169.875
0.292631,6.0,2.2986,-168.852
0.455042,7.0,2.46515,-167.703
0.399582,8.0,3.05648,-166.47
0.191072,9.0,3.09259,-164.942
0.402299,10.0,2.87819,-163.396
0.358982,11.0,3.1508,-161.957
0.245673,12.0,3.12986,-160.381
0.272797,13.0,3.24724,-158.816
0.372233,14.0,3.45081,-157.193
0.236211,15.0,3.73289,-155.467
0.413368,16.0,3.62536,-153.601
0.434847,17.0,3.93352,-151.788
0.329795,18.0,3.83014,-149.822
0.411274,19.0,3.95317,-147.907
0.24387,20.0,3.90253,-145.93
0.369985,21.0,4.01659,-143.979
0.326128,22.0,4.27577,-141.97
0.24881,23.0,3.68776,-139.833
0.305753,24.0,4.29029,-137.989
0.252131,25.0,4.65176,-135.843
0.378872,26.0,4.73519,-133.518
0.403778,27.0,4.56442,-131.15
0.403131,28.0,4.64082,-128.868
0.344238,29.0,5.21417,-126.547
0.327278,30.0,5.43454,-123.94
0.286554,31.0,5.65785,-121.223
0.229199,32.0,5.77459,-118.394
0.348985,33.0,5.74881,-115.507
0.12611,34.0,6.40518,-112.632
0.274432,35.0,6.13024,-109.43
0.127753,36.0,6.36862,-106.365
0.169053,37.0,6.16935,-103.18
0.120009,38.0,6.39676,-100.096
0.145765,39.0,6.33889,-96.8973
0.185344,40.0,6.11581,-93.7279
0.112297,41.0,6.14729,-90.67
0.0735488,42.0,6.70668,-87.5963
-0.133403,43.0,7.049,-84.243
-0.148731,44.0,7.1773,-80.7185
-0.0123832,45.0,7.03989,-77.1298
-0.0838853,46.0,7.01358,-73.6099
-0.0476498,47.0,6.99624,-70.1031
-0.276399,48.0,7.21769,-66.605
-0.107219,49.0,6.79463,-62.9961
-0.166381,50.0,6.92523,-59.5988
-0.185724,51.0,6.55384,-56.1362
-0.296965,52.0,6.65742,-52.8593
-0.201423,53.0,6.95664,-49.5306
-0.384864,54.0,7.03189,-46.0522
-0.227741,55.0,6.41848,-42.5363
-0.320446,56.0,6.52387,-39.3271
-0.294677,57.0,6.18501,-36.0651
-0.335545,58.0,6.34258,-32.9726
-0.428208,59.0,6.44889,-29.8013
-0.333864,60.0,6.35412,-26.5769
-0.339936,61.0,5.86324,-23.3998
-0.255225,62.0,6.23153,-20.4682
-0.469778,63.0,6.27294,-17.3524
-0.415411,64.0,6.32249,-14.216
-0.496536,65.0,6.12037,-11.0547
-0.306745,66.0,5.74687,-7.99455
-0.363483,67.0,5.38297,-5.12111
-0.38532,68.0,4.89494,-2.42963
-0.411439,69.0,4.9669,0.017844
-0.313231,70.0,4.57296,2.5013
-0.316007,71.0,4.86261,4.78778
-0.288562,72.0,4.66262,7.21908
-0.331553,73.0,4.27425,9.55039
-0.359064,74.0,4.28545,11.6875
-0.411456,75.0,4.3537,13.8302
-0.322804,76.0,4.11307,16.0071
-0.436303,77.0,4.16363,18.0636
-0.410832,78.0,3.86983,20.1454
-0.428362,79.0,3.0634,22.0804
-0.34772,80.0,2.66478,23.6121
-0.404123,81.0,2.49848,24.9444
-0.554769,82.0,2.36007,26.1937
-0.428656,83.0,2.15065,27.3737
-0.440772,84.0,2.15251,28.449
-0.555096,85.0,1.54135,29.5253
-0.501268,86.0,1.44244,30.296
-0.49711,87.0,1.2236,31.0172
-0.486587,88.0,0.996362,31.629
-0.477613,89.0,0.890086,32.1272
-0.441866,90.0,0.680888,32.5722
-0.454502,91.0,0.805782,32.9127
-0.533901,92.0,0.576389,33.3155
-0.526458,93.0,0.147918,33.6037
-0.423704,94.0,-0.0541264,33.6777
-0.362959,95.0,-0.510404,33.6506
-0.608206,96.0,-0.428003,33.3954
-0.328233,97.0,-0.807699,33.1814
0.0191169,98.0,-0.97854,32.7776
0.0261426,99.0,-0.721535,32.2883
-0.101675,0.0,0.566275,38.1866
-0.0619878,1.0,0.505503,38.4698
-0.18267,2.0,0.633984,38.7225
0.0463763,3.0,0.295278,39.0395
0.00716972,4.0,0.525854,39.1871
-0.08868,5.0,0.45249,39.4501
-0.0563996,6.0,0.832258,39.6763
-0.0978889,7.0,0.834889,40.0924
-0.194597,8.0,0.922152,40.5099
-0.0866629,9.0,1.04962,40.971
-0.0274575,10.0,0.448282,41.4958
-0.00268239,11.0,0.42539,41.7199
-0.108072,12.0,0.101903,41.9326
-0.0984957,13.0,0.100808,41.9836
-0.157271,14.0,0.317128,42.034
-0.0811941,15.0,0.223014,42.1925
-0.116393,16.0,0.29606,42.304
-0.129577,17.0,0.234974,42.4521
-0.137785,18.0,0.214377,42.5696
0.0558158,19.0,0.23868,42.6768
-0.119314,20.0,0.145575,42.7961
-0.0591472,21.0,0.496284,42.8689
0.00893736,22.0,0.481807,43.117
-0.0991868,23.0,0.345164,43.3579
-0.0859106,24.0,-0.0141734,43.5305
-0.111116,25.0,-0.44431,43.5234
-0.0181153,26.0,-0.585586,43.3013
-0.0858048,27.0,-0.502953,43.0085
-0.0475333,28.0,-0.714828,42.757
-0.00557894,29.0,-0.91714,42.3996
-0.0420293,30.0,-0.856473,41.941
0.0146537,31.0,-0.524691,41.5128
0.0195949,32.0,-0.654081,41.2504
-0.151661,33.0,-0.511131,40.9234
-0.0639481,34.0,-0.3374,40.6678
-0.150741,35.0,-0.299054,40.4991
-0.167202,36.0,-0.523912,40.3496
-0.0883248,37.0,-0.442197,40.0876
0.0644543,38.0,-1.00212,39.8665
0.0239232,39.0,-0.491217,39.3655
-0.0459233,40.0,-0.135518,39.1199
-0.139188,41.0,-0.25311,39.0521
-0.0188257,42.0,-0.651351,38.9255
0.0146867,43.0,-0.669314,38.5999
-0.0165719,44.0,-0.873138,38.2652
-0.032894,45.0,-1.1983,37.8286
0.0847256,46.0,-1.10817,37.2295
-0.0768754,47.0,-0.981343,36.6754
0.042827,48.0,-1.0255,36.1847
0.0851738,49.0,-1.19602,35.672
-0.0879483,50.0,-1.20093,35.074
0.139513,51.0,-1.35691,34.4735
-0.0531496,52.0,-1.38276,33.7951
0.142519,53.0,-1.28793,33.1037
0.0606586,54.0,-1.11771,32.4597
0.105017,55.0,-1.05949,31.9009
0.0415614,56.0,-0.880049,31.3711
-0.05109,57.0,-1.12,30.9311
0.0273895,58.0,-1.11811,30.3711
0.10305,59.0,-1.17225,29.812
0.0114403,60.0,-1.17708,29.2259
0.0786201,61.0,-1.17119,28.6374
0.144579,62.0,-1.48295,28.0518
0.139584,63.0,-1.37877,27.3103
0.0814329,64.0,-1.37652,26.6209
0.157211,65.0,-1.40174,25.9327
0.113163,66.0,-1.29636,25.2318
0.0537683,67.0,-1.51651,24.5836
0.139379,68.0,-1.27953,23.8254
0.115183,69.0,-1.25922,23.1856
0.157824,70.0,-1.51857,22.556
0.15184,71.0,-1.50312,21.7967
0.234669,72.0,-1.27619,21.0451
0.255413,73.0,-1.03964,20.407
0.142776,74.0,-0.632881,19.8872
0.183493,75.0,-0.618697,19.5708
0.213529,76.0,-0.412144,19.2614
0.131746,77.0,-0.185159,19.0554
0.161955,78.0,-0.399032,18.9628
0.220685,79.0,-0.495315,18.7633
0.176687,80.0,-0.482251,18.5156
0.293861,81.0,-0.41244,18.2745
0.0337205,82.0,-0.270111,18.0683
0.0473664,83.0,-0.435487,17.9332
0.165165,84.0,-0.550961,17.7155
0.336942,85.0,-0.536415,17.44
0.375667,86.0,-0.395883,17.1718
0.207862,87.0,-0.0271785,16.9738
0.378886,88.0,-0.257438,16.9602
0.309988,89.0,-0.0428091,16.8315
0.24694,90.0,-0.365635,16.8101
0.524508,91.0,-0.178606,16.6273
0.38994,92.0,0.120868,16.538
0.39597,93.0,0.314008,16.5984
0.52956,94.0,0.214264,16.7554
0.513916,95.0,0.380367,16.8626
0.461435,96.0,-0.145326,17.0528
0.145384,97.0,0.0608065,16.9801
0.00564861,98.0,0.250399,17.0105
-0.00602573,99.0,0.614357,17.1357
0.299651,0.0,-0.590972,-90.2246
0.363659,1.0,-0.240282,-90.5201
0.330733,2.0,-0.196987,-90.6402
0.197863,3.0,0.102127,-90.7387
0.324361,4.0,0.340401,-90.6877
0.300757,5.0,0.583253,-90.5175
0.321103,6.0,0.933206,-90.2258
0.27106,7.0,1.44529,-89.7592
0.237146,8.0,1.58895,-89.0366
0.183495,9.0,1.50903,-88.2421
0.27149,10.0,1.89248,-87.4876
0.184038,11.0,2.12232,-86.5414
0.27681,12.0,1.91179,-85.4802
0.193923,13.0,1.94371,-84.5243
0.131253,14.0,2.16566,-83.5524
0.186498,15.0,2.21797,-82.4696
0.237111,16.0,2.41035,-81.3606
0.174156,17.0,3.09985,-80.1554
0.123802,18.0,2.67215,-78.6055
0.139441,19.0,2.779,-77.2695
0.18815,20.0,2.95114,-75.88
0.19929,21.0,3.25865,-74.4044
0.205148,22.0,3.15218,-72.7751
0.128915,23.0,2.78756,-71.199
0.088534,24.0,2.89182,-69.8052
0.258454,25.0,2.89867,-68.3593
0.0906242,26.0,2.79147,-66.91
0.0647349,27.0,3.03689,-65.5142
0.125578,28.0,3.01309,-63.9958
0.136411,29.0,2.96157,-62.4892
0.0932208,30.0,2.92047,-61.0084
0.164295,31.0,2.65167,-59.5482
0.154537,32.0,3.0087,-58.2224
0.104363,33.0,2.91607,-56.718
0.195863,34.0,3.16117,-55.26
0.196451,35.0,3.18988,-53.6794
0.19015,36.0,3.46876,-52.0844
0.199973,37.0,3.56926,-50.3501
0.0486913,38.0,4.04392,-48.5654
0.0164733,39.0,4.1454,-46.5435
0.0166748,40.0,4.16417,-44.4708
-0.156208,41.0,4.47405,-42.3887
-0.12988,42.0,4.62008,-40.1517
-0.191506,43.0,4.54771,-37.8416
-0.176679,44.0,4.52503,-35.5678
-0.0254281,45.0,4.1686,-33.3053
-0.112049,46.0,3.94273,-31.221
0.138573,47.0,3.1731,-29.2496
0.0310768,48.0,3.28833,-27.663
0.139097,49.0,3.11141,-26.0189
-0.133887,50.0,3.31404,-24.4632
-0.0153691,51.0,3.08919,-22.8062
-0.0903059,52.0,3.30347,-21.2616
0.0250829,53.0,3.02409,-19.6098
0.159136,54.0,2.63823,-18.0978
-0.0957689,55.0,2.90916,-16.7787
-0.0420733,56.0,2.78014,-15.3241
-0.0282292,57.0,2.71146,-13.934
0.040591,58.0,2.68644,-12.5783
0.0877562,59.0,2.8052,-11.2351
0.042523,60.0,2.94676,-9.83247
0.0292392,61.0,2.98612,-8.35909
-0.0136628,62.0,3.23636,-6.86602
-0.187029,63.0,3.07607,-5.24785
-0.143622,64.0,3.33607,-3.70981
-0.172101,65.0,3.40026,-2.04178
-0.324383,66.0,3.2245,-0.341646
-0.27204,67.0,3.30317,1.2706
-0.252645,68.0,3.49257,2.92219
-0.32869,69.0,3.39914,4.66848
-0.255024,70.0,3.12378,6.36805
-0.33664,71.0,3.2043,7.92994
-0.116631,72.0,2.95118,9.53209
-0.258158,73.0,2.93356,11.0077
-0.280352,74.0,2.91018,12.4745
-0.267173,75.0,2.80013,13.9295
-0.399867,76.0,2.85633,15.3296
-0.420328,77.0,2.36462,16.7578
-0.290958,78.0,1.76703,17.9401
-0.181047,79.0,1.51943,18.8236
-0.0321267,80.0,1.18887,19.5833
-0.340718,81.0,1.13954,20.1778
-0.226114,82.0,1.12074,20.7475
-0.365511,83.0,0.96566,21.3079
-0.207003,84.0,0.854261,21.7907
-0.241942,85.0,0.537022,22.2179
-0.185584,86.0,0.0147349,22.4864
-0.250445,87.0,-0.189244,22.4937
-0.222441,88.0,0.14033,22.3991
-0.351152,89.0,0.114504,22.4693
-0.0410323,90.0,-0.280245,22.5265
-0.363222,91.0,0.145543,22.3864
-0.396473,92.0,-0.0232423,22.4592
-0.114258,93.0,-0.0697548,22.4476
-0.513092,94.0,-0.136939,22.4127
-0.443517,95.0,-0.390542,22.3442
-0.391409,96.0,-0.458925,22.1489
-0.542459,97.0,-0.705308,21.9195
-0.00331777,98.0,-0.986501,21.5668
0.00186515,99.0,-0.624922,21.0736
-0.0529488,0.0,-0.0772187,-18.9469
0.0276004,1.0,-0.210365,-18.9855
0.0218164,2.0,-0.390785,-19.0907
0.141261,3.0,-0.519266,-19.2861
0.102545,4.0,-0.728845,-19.5457
0.207333,5.0,-0.932302,-19.9102
0.0736862,6.0,-1.02607,-20.3763
-0.0135788,7.0,-1.326,-20.8893
0.0199999,8.0,-1.10587,-21.5523
0.177112,9.0,-1.51683,-22.1053
-0.0829458,10.0,-1.10773,-22.8637
0.123833,11.0,-0.974967,-23.4176
0.163246,12.0,-0.597974,-23.905
0.220533,13.0,-0.745295,-24.204
0.187234,14.0,-0.313813,-24.5767
0.0859734,15.0,-0.2601,-24.7336
0.0131729,16.0,0.073725,-24.8636
-0.0811386,17.0,0.0902663,-24.8268
0.197875,18.0,0.0536885,-24.7816
0.103049,19.0,0.0819181,-24.7548
0.278349,20.0,-0.455379,-24.7138
0.191842,21.0,-0.53533,-24.9415
0.242131,22.0,-0.329229,-25.2092
0.195718,23.0,-0.0599064,-25.3738
0.179704,24.0,-0.256261,-25.4038
0.258811,25.0,-0.0715184,-25.5319
0.152673,26.0,-0.136173,-25.5676
0.113509,27.0,0.454934,-25.6357
0.00153959,28.0,0.382077,-25.4083
0.269749,29.0,0.0425924,-25.2172
0.18046,30.0,0.404602,-25.1959
0.149983,31.0,0.26656,-24.9936
0.122092,32.0,0.284068,-24.8604
0.157844,33.0,0.370709,-24.7183
0.146048,34.0,0.0615412,-24.533
0.136994,35.0,-0.133753,-24.5022
0.236117,36.0,0.287538,-24.5691
0.165102,37.0,0.256463,-24.4253
0.311657,38.0,0.348701,-24.2971
0.262981,39.0,0.331391,-24.1227
0.163166,40.0,0.3765,-23.957
0.24973,41.0,0.584432,-23.7688
0.274542,42.0,0.203014,-23.4766
0.243246,43.0,0.352078,-23.3751
0.237367,44.0,0.721315,-23.199
0.129561,45.0,0.386575,-22.8384
0.271416,46.0,0.223731,-22.6451
0.112533,47.0,0.161474,-22.5332
0.165344,48.0,0.49467,-22.4525
0.296029,49.0,0.509398,-22.2051
0.339943,50.0,0.104681,-21.9504
0.315107,51.0,0.143076,-21.8981
0.263139,52.0,0.39564,-21.8266
0.364066,53.0,0.526848,-21.6287
0.277932,54.0,0.872177,-21.3653
0.180192,55.0,0.730923,-20.9292
0.275976,56.0,0.803631,-20.5638
0.253426,57.0,0.857378,-20.1619
0.385127,58.0,0.671689,-19.7333
0.343994,59.0,0.619126,-19.3974
0.375144,60.0,0.349468,-19.0878
0.33443,61.0,0.520863,-18.9131
0.399996,62.0,0.769733,-18.6527
0.436319,63.0,1.04887,-18.2678
0.339364,64.0,1.36452,-17.7434
0.379762,65.0,2.10468,-17.0611
0.27599,66.0,2.82236,-16.0088
0.251705,67.0,3.06042,-14.5976
0.184817,68.0,3.38009,-13.0674
0.0398904,69.0,3.16228,-11.3773
0.0988829,70.0,2.90407,-9.79621
0.0537162,71.0,3.23949,-8.34417
0.148476,72.0,3.0847,-6.72443
-0.0134206,73.0,3.2645,-5.18208
-0.0928781,74.0,3.42145,-3.54983
0.0120335,75.0,3.18718,-1.8391
-0.20785,76.0,3.37087,-0.245511
-0.140877,77.0,3.08478,1.43992
-0.124878,78.0,2.85349,2.98231
-0.136456,79.0,2.84092,4.40906
-0.0854357,80.0,2.75971,5.82952
-0.186422,81.0,2.67204,7.20937
-0.15467,82.0,2.62759,8.54539
-0.248792,83.0,2.84452,9.85919
-0.378814,84.0,2.79257,11.2815
-0.255598,85.0,2.24316,12.6777
-0.162785,86.0,1.96745,13.7993
-0.287374,87.0,1.8728,14.783
-0.21275,88.0,1.5801,15.7194
-0.26022,89.0,1.70031,16.5095
-0.279771,90.0,1.15385,17.3596
-0.137785,91.0,0.95196,17.9366
0.104038,92.0,0.530209,18.4126
-0.150918,93.0,0.824776,18.6777
-0.467298,94.0,1.1358,19.09
-0.247364,95.0,1.17423,19.6579
-0.500626,96.0,0.956839,20.2451
-0.34848,97.0,0.948302,20.7235
0.00488973,98.0,0.980848,21.1976
0.00258017,99.0,0.906166,21.6881
0.267253,0.0,-0.560234,-32.505
0.21854,1.0,-0.0802614,-32.7851
0.0777211,2.0,0.259925,-32.8252
0.0305861,3.0,0.439935,-32.6952
0.0233623,4.0,0.231021,-32.4753
-0.0679426,5.0,0.173862,-32.3598
0.189769,6.0,0.259592,-32.2728
0.0436299,7.0,0.793427,-32.143
-0.00639272,8.0,0.722613,-31.7463
0.1838,9.0,0.804108,-31.385
0.205544,10.0,0.721497,-30.983
-0.0916708,11.0,0.961188,-30.6222
0.102332,12.0,1.00004,-30.1416
-0.070344,13.0,1.03752,-29.6416
0.058692,14.0,0.65535,-29.1228
0.174596,15.0,0.667827,-28.7952
0.175678,16.0,0.705879,-28.4613
-0.0334669,17.0,1.24698,-28.1083
0.0427009,18.0,1.25292,-27.4848
-0.100363,19.0,1.67466,-26.8584
0.0762713,20.0,1.42764,-26.021
0.037549,21.0,1.52656,-25.3072
0.113599,22.0,1.29903,-24.5439
0.00187254,23.0,1.35866,-23.8944
0.153805,24.0,1.33469,-23.2151
-0.0593436,25.0,1.6529,-22.5478
-0.114859,26.0,1.72635,-21.7213
0.0300479,27.0,2.26383,-20.8581
-0.108279,28.0,2.4091,-19.7262
0.0415854,29.0,1.921,-18.5217
0.0166143,30.0,1.65944,-17.5612
0.0743775,31.0,1.17393,-16.7314
0.000101209,32.0,1.11555,-16.1445
0.0841721,33.0,1.38524,-15.5867
0.0196276,34.0,1.39886,-14.8941
0.110823,35.0,1.16463,-14.1947
0.0133114,36.0,1.05918,-13.6123
0.0113207,37.0,1.08797,-13.0828
0.191083,38.0,0.934864,-12.5388
0.0264819,39.0,0.981409,-12.0713
0.0766305,40.0,0.907563,-11.5806
0.100879,41.0,0.664268,-11.1268
0.106785,42.0,1.06427,-10.7947
0.0294615,43.0,0.893774,-10.2626
-0.00933588,44.0,0.898801,-9.81569
0.0181023,45.0,0.946561,-9.36629
0.172705,46.0,0.724035,-8.89301
0.203994,47.0,0.822728,-8.53099
0.21904,48.0,0.841985,-8.11963
0.114662,49.0,0.852134,-7.69864
0.0813574,50.0,0.889149,-7.27257
0.0380921,51.0,0.894819,-6.82799
0.175214,52.0,0.979818,-6.38059
0.145395,53.0,0.736165,-5.89068
0.159998,54.0,0.871787,-5.52259
0.146316,55.0,1.03052,-5.0867
0.0475533,56.0,0.925962,-4.57144
0.0532657,57.0,1.00546,-4.10846
0.218703,58.0,1.04283,-3.60573
0.213568,59.0,1.16275,-3.08431
0.124924,60.0,1.0358,-2.50294
0.140765,61.0,1.08639,-1.98504
0.150039,62.0,1.21998,-1.44185
0.024953,63.0,1.2805,-0.831856
-0.0451539,64.0,1.52421,-0.191605
0.141481,65.0,1.33743,0.570501
-0.01892,66.0,1.2053,1.23922
0.215604,67.0,1.33638,1.84187
-0.0637216,68.0,1.83705,2.51006
0.121363,69.0,1.51255,3.42858
0.183716,70.0,1.41992,4.18486
0.0851457,71.0,1.38838,4.89482
0.114552,72.0,1.46497,5.58901
0.0883467,73.0,1.44428,6.32149
-0.0316292,74.0,1.72285,7.04363
0.0728061,75.0,1.68975,7.90506
0.132049,76.0,1.42023,8.74993
0.0279754,77.0,1.6314,9.46005
0.0212529,78.0,1.67171,10.2757
-0.0870886,79.0,1.41873,11.1116
-0.145357,80.0,1.56697,11.821
-0.00636822,81.0,1.57285,12.6045
0.0829842,82.0,1.34159,13.3909
-0.149368,83.0,1.4368,14.0617
-0.0886413,84.0,1.34823,14.7801
0.0199666,85.0,0.979991,15.4542
0.272236,86.0,0.495522,15.9442
0.185584,87.0,0.682169,16.1919
-0.0299152,88.0,0.940696,16.533
-0.0912887,89.0,1.04336,17.0034
-0.123972,90.0,0.951724,17.5251
-0.0486409,91.0,0.852951,18.0009
-0.193818,92.0,1.08639,18.4274
-0.205751,93.0,0.702375,18.9706
-0.125049,94.0,0.934673,19.3218
-0.290869,95.0,0.493069,19.7891
-0.288763,96.0,0.596903,20.0356
-0.0173804,97.0,0.177357,20.3341
-1.66893e-06,98.0,0.354086,20.4228
0.000900984,99.0,0.411016,20.5998
0.329865,0.0,0.433093,-113.313
0.234326,1.0,0.428371,-113.097
0.282622,2.0,0.596823,-112.883
0.231298,3.0,0.644984,-112.584
0.253713,4.0,0.752634,-112.262
0.321789,5.0,0.958589,-111.885
0.204754,6.0,1.13954,-111.406
0.25888,7.0,1.27795,-110.836
0.231538,8.0,1.35005,-110.197
0.15758,9.0,1.56396,-109.522
0.406518,10.0,1.67863,-108.74
0.152951,11.0,1.88114,-107.901
0.256989,12.0,1.61992,-106.96
0.261864,13.0,1.23503,-106.15
0.359964,14.0,1.70497,-105.533
0.227432,15.0,1.78766,-104.68
0.205403,16.0,1.98064,-103.787
0.151519,17.0,2.42888,-102.796
0.242486,18.0,2.77945,-101.582
0.140494,19.0,3.09229,-100.192
0.240588,20.0,3.15547,-98.646
0.22436,21.0,3.26661,-97.0683
0.204404,22.0,3.50641,-95.435
0.120418,23.0,3.80047,-93.6818
0.173645,24.0,3.63336,-91.7815
0.232824,25.0,3.81124,-89.9649
0.104501,26.0,3.69347,-88.0592
0.209735,27.0,4.12573,-86.2125
0.237807,28.0,4.18514,-84.1496
0.0434456,29.0,4.51387,-82.0571
0.229086,30.0,4.36273,-79.8001
0.210203,31.0,4.40567,-77.6188
0.147016,32.0,4.54747,-75.4159
0.0210879,33.0,4.89581,-73.1422
0.0814507,34.0,5.17782,-70.6943
-0.049184,35.0,5.04363,-68.1054
-0.11956,36.0,5.34447,-65.5836
-0.0640631,37.0,5.11792,-62.9113
0.00921619,38.0,5.21519,-60.3524
0.000583887,39.0,5.01127,-57.7448
-0.107556,40.0,4.88993,-55.2391
-0.119506,41.0,4.50935,-52.7942
0.133401,42.0,4.15465,-50.5395
-0.0518345,43.0,4.47685,-48.4622
0.0617149,44.0,4.84726,-46.2237
-0.223489,45.0,5.13659,-43.8001
0.0755074,46.0,4.86376,-41.2318
-0.0474628,47.0,5.02703,-38.7999
-0.149,48.0,4.94435,-36.2864
-0.130048,49.0,4.55069,-33.8143
-0.054168,50.0,4.56791,-31.5389
-0.0309917,51.0,4.26063,-29.255
-0.0684212,52.0,3.95333,-27.1246
-0.0577945,53.0,3.91604,-25.148
-0.0842629,54.0,3.58085,-23.19
-0.13575,55.0,3.4017,-21.3995
0.0838214,56.0,3.09882,-19.6987
-0.0620194,57.0,3.10621,-18.1493
-0.0871728,58.0,3.12444,-16.5962
-0.033342,59.0,3.24679,-15.0339
-0.106136,60.0,3.02215,-13.4106
0.0243253,61.0,3.11063,-11.8995
-0.0604951,62.0,3.39916,-10.3442
-0.2138,63.0,3.45171,-8.64458
-0.0666623,64.0,3.35471,-6.91873
-0.0964515,65.0,2.98508,-5.24137
-0.00130224,66.0,3.38113,-3.74884
-0.20415,67.0,3.33588,-2.05827
-0.212005,68.0,3.22744,-0.39033
-0.277544,69.0,2.95557,1.22339
-0.190952,70.0,2.79759,2.70117
-0.0885972,71.0,2.63336,4.09997
-0.286274,72.0,2.56261,5.41665
-0.092492,73.0,2.42574,6.69795
-0.0715282,74.0,2.11796,7.91082
-0.147544,75.0,1.80327,8.9698
-0.2392,76.0,2.03256,9.87143
-0.0767706,77.0,1.90177,10.8877
-0.0514215,78.0,1.79151,11.8386
-0.19054,79.0,2.12667,12.7344
-0.363156,80.0,1.89955,13.7977
-0.204133,81.0,1.91573,14.7475
-0.238975,82.0,1.76617,15.7053
-0.14024,83.0,1.90109,16.5884
-0.447681,84.0,2.03228,17.539
-0.0804248,85.0,1.4858,18.5551
-0.374234,86.0,1.61002,19.298
-0.331604,87.0,1.09346,20.103
-0.365755,88.0,1.11022,20.6497
-0.345975,89.0,1.12974,21.2049
-0.281751,90.0,0.642061,21.7697
-0.314826,91.0,0.478483,22.0908
-0.238399,92.0,0.227119,22.33
-0.403326,93.0,0.0374536,22.4436
-0.470261,94.0,-0.188497,22.4623
-0.516452,95.0,-0.184153,22.368
-0.497726,96.0,-0.987628,22.276
-0.562211,97.0,-0.969555,21.7821
0.000118852,98.0,-1.29088,21.2974
-0.00103939,99.0,-1.49417,20.6519
-0.160392,0.0,0.386078,116.152
-0.175281,1.0,0.0604968,116.345
-0.284624,2.0,0.209523,116.375
-0.329751,3.0,0.446156,116.48
-0.232858,4.0,0.00641927,116.703
-0.125579,5.0,-0.0110622,116.706
-0.219325,6.0,-0.121448,116.701
-0.271208,7.0,-0.140692,116.64
-0.121315,8.0,-0.323233,116.57
-0.111131,9.0,-0.527277,116.408
-0.0790582,10.0,-0.575316,116.145
-0.139406,11.0,-0.454384,115.857
-0.106211,12.0,-0.81058,115.63
-0.151004,13.0,-1.27978,115.224
-0.321841,14.0,-1.22016,114.585
-0.192312,15.0,-1.33168,113.975
-0.0335262,16.0,-1.75459,113.309
-0.159715,17.0,-1.67987,112.431
-0.19675,18.0,-1.20514,111.591
-0.227851,19.0,-1.07941,110.989
-0.124293,20.0,-0.98295,110.449
-0.349382,21.0,-1.52305,109.958
-0.163764,22.0,-1.62838,109.196
-0.292017,23.0,-1.31111,108.382
-0.116856,24.0,-1.03683,107.726
-0.199929,25.0,-1.3768,107.208
-0.25583,26.0,-1.69551,106.52
-0.331687,27.0,-1.60493,105.672
-0.300836,28.0,-2.05045,104.869
-0.253773,29.0,-2.23969,103.844
-0.0430317,30.0,-2.52018,102.724
-0.253621,31.0,-2.52808,101.464
-0.24693,32.0,-2.91803,100.2
-0.0222788,33.0,-3.24442,98.7412
-0.0807946,34.0,-3.56537,97.119
-0.161835,35.0,-3.64951,95.3363
-0.105419,36.0,-3.36367,93.5115
-0.0696636,37.0,-3.67767,91.8297
-0.148882,38.0,-3.86575,89.9909
-0.0214092,39.0,-4.03579,88.058
0.0185024,40.0,-4.31095,86.0401
0.0362287,41.0,-4.3221,83.8846
0.177124,42.0,-4.62678,81.7236
0.0485179,43.0,-3.95777,79.4102
0.159344,44.0,-4.57042,77.4313
0.0364615,45.0,-4.60663,75.1461
0.186865,46.0,-4.67422,72.8428
0.171628,47.0,-4.67674,70.5057
0.190865,48.0,-4.90381,68.1673
0.202661,49.0,-5.25312,65.7154
0.285901,50.0,-4.94403,63.0888
0.268336,51.0,-4.82668,60.6168
0.298368,52.0,-4.7228,58.2035
0.287203,53.0,-4.57392,55.8421
0.189511,54.0,-4.37106,53.5551
0.303855,55.0,-4.53555,51.3696
0.303061,56.0,-4.72201,49.1018
0.262316,57.0,-4.49628,46.7408
0.199135,58.0,-3.97795,44.4927
0.208774,59.0,-3.80252,42.5037
0.155507,60.0,-3.47431,40.6024
0.161109,61.0,-3.23532,38.8653
-0.0538511,62.0,-3.13394,37.2476
0.103984,63.0,-3.06682,35.6806
0.161128,64.0,-3.2343,34.1472
0.242809,65.0,-3.40155,32.5301
0.404286,66.0,-3.38222,30.8293
0.392885,67.0,-3.16445,29.1382
0.205665,68.0,-2.77232,27.556
0.234813,69.0,-2.91294,26.1698
0.205391,70.0,-2.74376,24.7133
0.157844,71.0,-2.42805,23.3415
0.105049,72.0,-2.18681,22.1274
0.26988,73.0,-2.04827,21.034
0.33569,74.0,-1.56754,20.0099
0.19632,75.0,-1.4097,19.2261
0.380741,76.0,-1.44583,18.5213
0.161516,77.0,-1.52741,17.7984
0.32457,78.0,-1.40421,17.0347
0.160784,79.0,-0.923921,16.3326
0.271843,80.0,-0.909889,15.8706
0.183269,81.0,-0.106427,15.4157
0.0824997,82.0,0.291942,15.3624
0.146746,83.0,0.583992,15.5084
0.167967,84.0,0.487739,15.8004
0.170118,85.0,0.53163,16.0443
-0.0972381,86.0,0.993715,16.3101
-0.0167533,87.0,0.775159,16.8069
0.0625525,88.0,0.69514,17.1945
-0.0930189,89.0,0.659742,17.5421
0.0909992,90.0,0.713953,17.872
-0.000924349,91.0,0.659391,18.2289
0.143451,92.0,0.254237,18.5586
-0.00924546,93.0,0.644296,18.6858
-0.027882,94.0,0.553118,19.0079
0.0279334,95.0,0.429697,19.2845
-0.14295,96.0,0.707078,19.4993
-0.339859,97.0,0.67613,19.8528
9.65595e-06,98.0,0.814293,20.1909
0.000954151,99.0,0.658549,20.5981
0.00986266,0.0,2.58529,-30.4086
-0.0169696,1.0,2.64652,-29.116
0.0639182,2.0,2.74756,-27.7927
-0.0666363,3.0,2.46098,-26.419
-0.0294032,4.0,2.12,-25.1885
-0.0218446,5.0,2.06292,-24.1285
0.0497772,6.0,1.842,-23.097
-0.0493284,7.0,2.02014,-22.176
-0.0809262,8.0,1.93023,-21.1659
-0.0366252,9.0,1.8094,-20.2008
-0.021706,10.0,1.69745,-19.2961
0.0620636,11.0,2.12323,-18.4474
0.0504607,12.0,2.22323,-17.3858
-0.0122162,13.0,2.27315,-16.2742
-0.146296,14.0,2.30363,-15.1376
-0.0290561,15.0,2.22462,-13.9858
-0.169051,16.0,1.88807,-12.8735
-0.0497903,17.0,1.76322,-11.9294
0.0327684,18.0,1.60721,-11.0478
-0.023964,19.0,1.82683,-10.2442
-0.00333977,20.0,1.77003,-9.33079
0.037405,21.0,1.68911,-8.44578
-0.101124,22.0,1.43913,-7.60122
-0.144018,23.0,1.46802,-6.88166
0.0534971,24.0,1.44027,-6.14765
-0.0947529,25.0,1.4044,-5.42751
0.0328338,26.0,1.13649,-4.72531
-0.0335333,27.0,1.00758,-4.15707
-0.0751204,28.0,1.20252,-3.65328
8.45194e-05,29.0,1.35914,-3.05202
-0.0195912,30.0,1.47617,-2.37245
-0.0573643,31.0,1.73981,-1.63437
0.0210329,32.0,1.65779,-0.764463
-0.0206429,33.0,1.95121,0.0644336
-0.0242684,34.0,1.86029,1.04004
0.0105809,35.0,1.31762,1.97018
0.00114393,36.0,1.52794,2.62899
-0.140583,37.0,1.68253,3.39296
-0.0428621,38.0,1.78403,4.23423
0.0102051,39.0,1.77994,5.12624
0.007321,40.0,1.39521,6.01621
-0.19291,41.0,1.96235,6.71382
-0.0491323,42.0,2.05312,7.69499
-0.077656,43.0,2.14681,8.72155
-0.183058,44.0,2.12066,9.79496
-0.117582,45.0,1.90979,10.8553
-0.19857,46.0,2.25211,11.8102
0.0709144,47.0,2.25833,12.9362
-0.230868,48.0,2.29845,14.0654
-0.070454,49.0,1.8063,15.2146
-0.00210428,50.0,1.63718,16.1178
-0.181114,51.0,1.80729,16.9364
-0.185473,52.0,1.6604,17.84
-0.130301,53.0,1.4589,18.6702
-0.0901136,54.0,1.38136,19.3997
-0.0375249,55.0,1.22963,20.0903
-0.164778,56.0,1.01373,20.7052
-0.0843808,57.0,1.21533,21.212
-0.0444571,58.0,0.876887,21.8197
-0.156242,59.0,0.733453,22.2581
-0.17372,60.0,0.510209,22.6249
-0.0538576,61.0,0.167529,22.88
-0.192138,62.0,0.427472,22.9637
-0.165991,63.0,0.38454,23.1775
-0.130669,64.0,0.082019,23.3697
-0.0967793,65.0,-0.16104,23.4107
0.0998853,66.0,-0.285773,23.3302
-0.0926501,67.0,0.128172,23.1873
-0.0340948,68.0,0.310805,23.2514
-0.00627416,69.0,0.405318,23.4068
-0.0784255,70.0,0.027026,23.6095
-0.101792,71.0,0.431858,23.623
0.00360167,72.0,0.497866,23.8389
-0.0267076,73.0,0.467199,24.0879
-0.217259,74.0,0.354235,24.3215
-0.0660425,75.0,0.0581635,24.4986
-0.110069,76.0,0.333272,24.5277
-0.3056,77.0,0.184725,24.6943
-0.279437,78.0,0.00629248,24.7866
-0.150465,79.0,-0.0607935,24.7898
-0.0756905,80.0,-0.47854,24.7594
-0.0764205,81.0,-0.476196,24.5201
-0.141276,82.0,-0.583091,24.282
-0.0724037,83.0,-0.532498,23.9905
0.0815338,84.0,-0.754255,23.7242
-0.0669309,85.0,-0.986968,23.3471
-0.0537413,86.0,-0.643542,22.8536
-0.105429,87.0,-0.189534,22.5319
-0.107705,88.0,-0.244922,22.4371
0.0332237,89.0,-0.232094,22.3146
-0.191948,90.0,-0.200545,22.1986
-0.116405,91.0,-0.20448,22.0983
-0.00492543,92.0,-0.717142,21.9961
-0.168319,93.0,-0.601874,21.6375
0.106122,94.0,-0.736512,21.3366
0.188633,95.0,-0.691671,20.9683
0.159673,96.0,-0.748045,20.6225
0.133463,97.0,-0.48113,20.2484
-0.00429058,98.0,-0.227915,20.0079
-0.00130373,99.0,-0.32093,19.8939
0.208354,0.0,-1.38452,-40.3892
0.324555,1.0,-1.21808,-41.0815
0.255409,2.0,-0.883619,-41.6905
0.176772,3.0,-0.755502,-42.1323
0.247102,4.0,-0.622255,-42.5101
0.0735651,5.0,-0.616297,-42.8212
0.173076,6.0,-0.183391,-43.1294
0.298002,7.0,0.108507,-43.2211
0.150123,8.0,0.210039,-43.1668
0.127173,9.0,0.286293,-43.0618
0.140275,10.0,0.688401,-42.9186
0.183612,11.0,0.517617,-42.5744
0.150427,12.0,0.888963,-42.3156
0.132507,13.0,1.19544,-41.8712
0.115745,14.0,1.20745,-41.2734
0.187065,15.0,1.18263,-40.6697
0.141152,16.0,1.40086,-40.0784
-0.0291383,17.0,1.88212,-39.378
0.0164312,18.0,1.76913,-38.4369
0.174901,19.0,1.49472,-37.5523
0.00143874,20.0,1.84195,-36.805
0.105232,21.0,2.00237,-35.884
0.0181835,22.0,2.13893,-34.8828
-0.0653879,23.0,2.60493,-33.8134
-0.0688886,24.0,2.89921,-32.5109
0.0300584,25.0,2.86304,-31.0613
0.0727413,26.0,2.37634,-29.6298
0.0200586,27.0,2.39998,-28.4416
0.0197967,28.0,2.19842,-27.2416
-0.0938231,29.0,2.06174,-26.1424
-0.00274569,30.0,1.95227,-25.1115
0.116989,31.0,1.97533,-24.1354
0.107683,32.0,2.16203,-23.1477
0.0437483,33.0,1.74838,-22.0667
0.0292453,34.0,1.67185,-21.1925
-0.0308986,35.0,1.6731,-20.3566
0.130073,36.0,2.07416,-19.52
-0.0670875,37.0,2.16383,-18.483
0.0192013,38.0,2.18403,-17.401
-0.00307989,39.0,2.12896,-16.309
0.0639894,40.0,2.34284,-15.2446
0.0587279,41.0,2.26617,-14.0731
0.0628693,42.0,2.369,-12.94
0.0345507,43.0,2.70053,-11.7555
-0.115984,44.0,2.83051,-10.4053
-0.0661687,45.0,2.77617,-8.99003
-0.233331,46.0,2.93802,-7.60194
-0.0719253,47.0,3.21818,-6.13293
0.0502125,48.0,3.0014,-4.52384
-0.176562,49.0,2.76313,-3.02314
-0.125596,50.0,2.75385,-1.64158
-0.210472,51.0,2.73081,-0.264652
-0.0911956,52.0,2.60088,1.10075
-0.13222,53.0,2.65729,2.40119
-0.207465,54.0,2.78729,3.72984
-0.257078,55.0,2.98234,5.12349
-0.0840136,56.0,2.35585,6.61465
-0.00461137,57.0,2.66643,7.79258
-0.233241,58.0,2.89786,9.12579
-0.274243,59.0,2.91278,10.5747
-0.11816,60.0,2.59246,12.0311
-0.215912,61.0,2.22183,13.3273
-0.155887,62.0,1.93549,14.4383
-0.205199,63.0,2.22577,15.406
-0.0868564,64.0,2.39259,16.5189
-0.273313,65.0,2.3819,17.7152
-0.320395,66.0,2.1857,18.9061
-0.347817,67.0,1.84115,19.999
-0.200332,68.0,1.53108,20.9196
-0.149302,69.0,1.13718,21.6851
0.0781286,70.0,0.945155,22.2537
-0.183445,71.0,1.0608,22.7263
-0.193945,72.0,0.822014,23.2567
-0.0467284,73.0,0.866178,23.6677
-0.175236,74.0,0.765414,24.1008
-0.287969,75.0,0.514414,24.4835
-0.151355,76.0,0.631899,24.7407
-0.0392183,77.0,0.530826,25.0566
-0.150798,78.0,0.0119582,25.322
-0.255275,79.0,-0.104371,25.328
-0.218394,80.0,-0.105803,25.2758
-0.173729,81.0,-0.406078,25.2229
-0.182782,82.0,-0.519884,25.0199
-0.0166465,83.0,-0.14176,24.76
0.00720155,84.0,0.0918176,24.6891
-0.28772,85.0,0.106202,24.735
-0.281568,86.0,-0.199923,24.7881
-0.128591,87.0,-0.296966,24.6881
-0.188383,88.0,-0.424134,24.5396
-0.360105,89.0,-0.282294,24.3276
-0.42655,90.0,-0.764121,24.1864
-0.407828,91.0,-0.756764,23.8044
-0.156672,92.0,-0.918847,23.426
-0.368867,93.0,-0.838993,22.9666
-0.27325,94.0,-0.799918,22.5471
-0.0372089,95.0,-1.29142,22.1471
-0.161954,96.0,-1.08395,21.5014
0.0481712,97.0,-1.06934,20.9594
1.37091e-05,98.0,-0.856505,20.4247
0.0121117,99.0,-0.986891,19.9965
-0.305651,0.0,1.4067,90.4208
0.0323131,1.0,1.00236,91.1241
-0.273631,2.0,1.37472,91.6253
-0.155809,3.0,1.23784,92.3127
-0.387985,4.0,1.23283,92.9316
-0.27388,5.0,1.16759,93.548
-0.240535,6.0,1.0222,94.1318
-0.301948,7.0,0.724429,94.6429
-0.334946,8.0,0.696311,95.0051
-0.325868,9.0,0.236196,95.3533
-0.237482,10.0,0.102354,95.4714
-0.40244,11.0,0.217359,95.5226
-0.247364,12.0,0.539025,95.6312
-0.40126,13.0,0.559187,95.9007
-0.330088,14.0,0.702317,96.1803
-0.176038,15.0,0.314456,96.5315
-0.379359,16.0,-0.14127,96.6887
-0.185529,17.0,-0.221133,96.6181
-0.12912,18.0,-0.349832,96.5075
-0.34936,19.0,-0.539414,96.3326
-0.329165,20.0,-0.52906,96.0629
-0.365496,21.0,-0.449451,95.7984
-0.338309,22.0,-0.723016,95.5737
-0.345433,23.0,-0.963746,95.2121
-0.212687,24.0,-1.26005,94.7303
-0.227167,25.0,-1.38311,94.1002
-0.319705,26.0,-1.13873,93.4087
-0.318652,27.0,-0.935178,92.8393
-0.261695,28.0,-0.952284,92.3717
-0.134491,29.0,-1.01874,91.8956
-0.264754,30.0,-0.76266,91.3862
-0.21627,31.0,-0.690201,91.0049
-0.242883,32.0,-1.30531,90.6598
-0.297046,33.0,-1.59546,90.0071
-0.239176,34.0,-2.03424,89.2094
-0.183445,35.0,-2.18684,88.1923
-0.181417,36.0,-2.42255,87.0989
-0.226989,37.0,-2.17951,85.8876
-0.22018,38.0,-2.54273,84.7978
-0.33543,39.0,-2.48653,83.5265
-0.130096,40.0,-3.00505,82.2832
-0.29438,41.0,-3.15248,80.7807
-0.230654,42.0,-2.88344,79.2044
-0.176354,43.0,-2.88357,77.7627
-0.229916,44.0,-2.78836,76.3209
-0.391965,45.0,-3.154,74.9268
-0.137754,46.0,-3.61224,73.3498
0.0301222,47.0,-3.97194,71.5436
-0.158377,48.0,-4.15662,69.5577
-0.0906514,49.0,-4.34039,67.4794
-0.00958264,50.0,-4.61289,65.3092
-0.0124876,51.0,-4.70845,63.0027
-0.0647941,52.0,-4.79024,60.6485
0.0742794,53.0,-5.22732,58.2534
0.142116,54.0,-4.94342,55.6397
0.236556,55.0,-4.76436,53.168
0.19321,56.0,-4.63931,50.7858
0.0933831,57.0,-4.5113,48.4662
0.088539,58.0,-4.50711,46.2105
0.107957,59.0,-4.09031,43.957
0.224004,60.0,-4.21623,41.9118
0.06459,61.0,-4.23062,39.8037
0.140307,62.0,-4.47417,37.6884
0.216529,63.0,-4.3416,35.4513
0.143093,64.0,-4.11535,33.2805
0.217698,65.0,-4.18475,31.2228
0.14299,66.0,-4.14855,29.1304
0.281683,67.0,-3.84728,27.0562
0.144294,68.0,-3.95729,25.1325
0.228937,69.0,-3.72459,23.1539
0.130165,70.0,-3.7425,21.2916
0.229648,71.0,-3.86921,19.4203
0.191647,72.0,-3.62443,17.4857
0.252676,73.0,-3.4669,15.6735
0.183334,74.0,-3.11591,13.9401
0.244561,75.0,-2.50467,12.3821
0.268892,76.0,-2.47103,11.1298
0.0877825,77.0,-2.35014,9.89427
0.227879,78.0,-1.82266,8.7192
0.276114,79.0,-1.91935,7.80787
0.170497,80.0,-1.92118,6.8482
0.283866,81.0,-2.21194,5.88761
0.194617,82.0,-2.01663,4.78164
0.246414,83.0,-1.84691,3.77332
0.29735,84.0,-1.70446,2.84987
0.316169,85.0,-1.47403,1.99764
0.435149,86.0,-1.66062,1.26063
0.307605,87.0,-1.49104,0.43032
0.346651,88.0,-1.11579,-0.315199
0.206818,89.0,-0.877056,-0.873094
0.243911,90.0,-0.725623,-1.31162
0.523712,91.0,-0.727986,-1.67443
0.0586557,92.0,-0.273003,-2.03843
0.519809,93.0,-0.373825,-2.17493
0.352742,94.0,0.237688,-2.36184
0.410121,95.0,0.759569,-2.243
0.334952,96.0,0.836262,-1.86321
0.105138,97.0,0.892185,-1.44508
0.00164413,98.0,0.653696,-0.998989
-0.00145984,99.0,0.507696,-0.67214
0.230898,0.0,-0.583415,-71.9254
0.205041,1.0,-0.510218,-72.2171
0.145101,2.0,-0.446315,-72.4722
0.141443,3.0,-0.0538327,-72.6954
0.287261,4.0,0.281383,-72.7223
0.290781,5.0,0.30032,-72.5816
0.263809,6.0,0.468,-72.4314
0.280494,7.0,0.586553,-72.1974
0.280577,8.0,0.381092,-71.9042
-0.0244094,9.0,0.541364,-71.7136
0.280663,10.0,0.765949,-71.4429
0.0756167,11.0,0.866146,-71.06
0.189654,12.0,1.03016,-70.6269
0.0829749,13.0,0.996196,-70.1118
0.275502,14.0,0.912916,-69.6137
0.265151,15.0,0.827368,-69.1572
0.151182,16.0,0.911704,-68.7436
0.191972,17.0,1.01104,-68.2877
0.262368,18.0,1.07785,-67.7822
0.330645,19.0,1.08055,-67.2433
0.135795,20.0,1.2792,-66.703
0.133387,21.0,1.48911,-66.0634
0.0620676,22.0,1.55687,-65.3188
0.214744,23.0,1.64199,-64.5404
0.270574,24.0,1.37695,-63.7194
0.167988,25.0,1.50828,-63.0309
0.103946,26.0,1.82604,-62.2768
0.103603,27.0,1.64028,-61.3638
0.183683,28.0,1.07011,-60.5436
0.265676,29.0,1.10012,-60.0086
0.166909,30.0,1.30922,-59.4585
0.152998,31.0,1.23037,-58.8039
0.257284,32.0,1.44955,-58.1887
0.292606,33.0,1.45444,-57.4639
0.118827,34.0,1.71831,-56.7367
0.226231,35.0,1.9697,-55.8776
0.126453,36.0,1.86411,-54.8927
0.255282,37.0,2.17444,-53.9607
0.131734,38.0,2.19192,-52.8734
0.257475,39.0,2.40529,-51.7775
0.227316,40.0,2.68388,-50.5748
0.165953,41.0,2.925,-49.2329
0.0320728,42.0,2.56623,-47.7704
0.205124,43.0,2.78062,-46.4873
0.196913,44.0,2.66958,-45.097
0.00665951,45.0,3.12184,-43.7622
0.0205966,46.0,3.09849,-42.2013
0.0878859,47.0,3.10962,-40.652
-0.057469,48.0,3.22522,-39.0972
-0.0616568,49.0,3.54448,-37.4846
-0.0999352,50.0,3.59746,-35.7123
0.0628864,51.0,3.21626,-33.9136
0.00454891,52.0,2.87113,-32.3055
0.0941625,53.0,2.8885,-30.8699
-0.116372,54.0,3.42542,-29.4257
0.122222,55.0,3.05987,-27.713
-0.139779,56.0,3.26382,-26.183
0.0861419,57.0,3.06423,-24.5511
-0.103295,58.0,2.97396,-23.019
0.0514388,59.0,3.1679,-21.532
-0.132012,60.0,2.80087,-19.9481
0.0455899,61.0,2.64879,-18.5476
0.00314283,62.0,2.63152,-17.2232
0.132492,63.0,2.1476,-15.9075
0.0398897,64.0,2.29564,-14.8337
0.113868,65.0,2.11158,-13.6859
-0.0168679,66.0,2.16778,-12.6301
-0.0724387,67.0,2.42187,-11.5462
0.00544715,68.0,2.49284,-10.3352
0.0910888,69.0,2.40874,-9.08882
-0.0191181,70.0,2.79439,-7.88445
-0.0433962,71.0,2.72985,-6.48726
-0.141236,72.0,2.4001,-5.12233
-0.173188,73.0,2.1568,-3.92228
0.0133729,74.0,2.02871,-2.84388
0.0348665,75.0,1.78152,-1.82953
0.0102346,76.0,1.84518,-0.93877
-0.048321,77.0,2.00733,-0.0161779
-0.101413,78.0,1.82489,0.987489
0.0654455,79.0,1.41535,1.89994
0.0552684,80.0,1.34689,2.60761
0.148416,81.0,1.24509,3.28106
0.0954624,82.0,1.23626,3.9036
0.121849,83.0,1.44579,4.52173
0.0488901,84.0,1.25081,5.24463
-0.0246832,85.0,1.05992,5.87004
0.231801,86.0,1.03885,6.4
-0.0472231,87.0,1.50059,6.91942
0.0843428,88.0,1.14924,7.66971
-0.00189775,89.0,1.25549,8.24433
-0.141341,90.0,1.30846,8.87208
-0.242536,91.0,1.23003,9.52631
0.201634,92.0,0.378494,10.1413
-0.130884,93.0,1.02318,10.3306
-0.00825447,94.0,1.09919,10.8422
-0.189784,95.0,0.968176,11.3918
-0.576442,96.0,1.13677,11.8758
-0.532927,97.0,0.769952,12.4442
1.28746e-05,98.0,0.932503,12.8292
-0.00226462,99.0,0.98929,13.2955
0.0841237,0.0,0.350888,-46.2005
0.064792,1.0,0.119388,-46.0251
0.0615005,2.0,0.295246,-45.9654
0.182627,3.0,-0.20548,-45.8178
0.141971,4.0,-0.318899,-45.9205
0.206026,5.0,-0.383803,-46.08
0.243181,6.0,-0.324855,-46.2719
0.249781,7.0,-0.513825,-46.4343
0.198171,8.0,-0.351412,-46.6912
0.177511,9.0,-0.152247,-46.8669
0.170561,10.0,-0.163163,-46.943
0.177629,11.0,-0.231483,-47.0246
-0.0882736,12.0,-0.074279,-47.1404
0.303003,13.0,0.215009,-47.1775
0.200947,14.0,0.280473,-47.07
0.164267,15.0,0.0565121,-46.9298
0.312854,16.0,0.0395088,-46.9015
0.245747,17.0,0.553894,-46.8817
0.159983,18.0,1.02185,-46.6048
0.249032,19.0,1.03992,-46.0939
0.213303,20.0,0.938961,-45.5739
0.313447,21.0,0.667937,-45.1044
0.323107,22.0,0.674356,-44.7705
0.278031,23.0,0.913824,-44.4333
0.21782,24.0,1.03414,-43.9764
0.154167,25.0,1.09899,-43.4593
0.219273,26.0,1.05866,-42.9098
0.00952315,27.0,1.29787,-42.3805
0.183898,28.0,1.35695,-41.7315
0.158819,29.0,1.68403,-41.0531
0.195649,30.0,1.6587,-40.2111
0.114692,31.0,2.09113,-39.3817
0.223614,32.0,2.27725,-38.3361
0.137934,33.0,2.58986,-37.1975
0.00899875,34.0,2.38716,-35.9026
0.04766,35.0,2.64163,-34.709
0.215391,36.0,2.82405,-33.3882
0.113898,37.0,2.64967,-31.9762
0.170846,38.0,2.83362,-30.6513
0.145854,39.0,2.75027,-29.2345
0.0502644,40.0,2.55173,-27.8594
0.043952,41.0,2.76595,-26.5835
0.141228,42.0,2.8194,-25.2005
0.01367,43.0,2.98493,-23.7908
0.142689,44.0,3.17866,-22.2984
0.101242,45.0,3.16556,-20.7091
-0.0237186,46.0,3.03999,-19.1263
0.124966,47.0,2.77104,-17.6063
0.106968,48.0,2.75054,-16.2208
0.0152118,49.0,3.05144,-14.8455
-0.122548,50.0,3.28279,-13.3198
0.0462391,51.0,3.32112,-11.6784
-0.0910205,52.0,2.98204,-10.0178
0.0759064,53.0,2.98037,-8.52679
0.0860809,54.0,3.13359,-7.0366
-0.165801,55.0,3.11941,-5.46981
-0.108287,56.0,3.015,-3.9101
-0.0160501,57.0,2.86491,-2.4026
-0.20391,58.0,2.97864,-0.970148
-0.113113,59.0,2.81875,0.519175
-0.10847,60.0,2.78312,1.92855
-0.084334,61.0,2.83771,3.32011
-0.248866,62.0,3.02399,4.73897
-0.150883,63.0,2.93246,6.25096
-0.0515525,64.0,2.63094,7.71719
-0.0119072,65.0,2.61708,9.03266
-0.157898,66.0,2.36701,10.3412
-0.183634,67.0,2.30716,11.5247
-0.193111,68.0,2.48774,12.6783
-0.00403357,69.0,2.50886,13.9222
-0.0497592,70.0,2.22875,15.1766
-0.094258,71.0,2.2798,16.291
-0.113319,72.0,1.96543,17.4309
-0.0751343,73.0,1.64942,18.4136
-0.0425293,74.0,1.39028,19.2383
-0.15809,75.0,1.42408,19.9334
-0.0749193,76.0,1.26531,20.6455
-0.0659707,77.0,1.5506,21.2781
0.0421139,78.0,1.23333,22.0534
-0.10585,79.0,1.50216,22.6701
-0.0388578,80.0,1.40395,23.4212
-0.0865543,81.0,1.2653,24.1231
-0.202548,82.0,1.431,24.7558
-0.163272,83.0,1.35183,25.4713
-0.219457,84.0,1.28159,26.1472
-0.230942,85.0,1.0728,26.788
-0.22036,86.0,1.1942,27.3244
-0.0158718,87.0,1.31481,27.9215
-0.398756,88.0,1.44701,28.5789
-0.414055,89.0,1.42478,29.3024
-0.319621,90.0,1.13905,30.0148
-0.431173,91.0,1.20883,30.5843
-0.384878,92.0,1.20478,31.1887
-0.541009,93.0,1.16496,31.7911
-0.29641,94.0,1.0406,32.3736
-0.512015,95.0,1.40638,32.8939
-0.592839,96.0,1.53217,33.5971
-0.46493,97.0,1.08197,34.3632
0.00142145,98.0,0.743035,34.9042
0.0131941,99.0,0.815381,35.2757
-0.340861,0.0,1.21789,136.724
-0.30949,1.0,1.11261,137.332
-0.262071,2.0,1.28784,137.889
-0.229513,3.0,1.45245,138.533
-0.334107,4.0,1.65714,139.259
-0.334276,5.0,1.53409,140.088
-0.271282,6.0,1.26963,140.855
-0.195619,7.0,0.892466,141.489
-0.214951,8.0,0.974531,141.936
-0.306035,9.0,1.19815,142.423
-0.313692,10.0,0.865901,143.022
-0.227887,11.0,0.559639,143.455
-0.395202,12.0,0.564686,143.735
-0.325431,13.0,0.275465,144.017
-0.426125,14.0,-0.285868,144.155
-0.295797,15.0,-0.592819,144.012
-0.338057,16.0,-0.574637,143.715
-0.349171,17.0,-0.559963,143.428
-0.263294,18.0,-0.330569,143.148
-0.300862,19.0,-0.523527,142.983
-0.257019,20.0,-0.928616,142.721
-0.438594,21.0,-0.975216,142.257
-0.309402,22.0,-1.02347,141.769
-0.302552,23.0,-1.52854,141.257
-0.347545,24.0,-1.26586,140.493
-0.385119,25.0,-1.66068,139.86
-0.235571,26.0,-1.93067,139.03
-0.33139,27.0,-1.83414,138.065
-0.424493,28.0,-2.11988,137.147
-0.380167,29.0,-2.03093,136.088
-0.46054,30.0,-2.04206,135.072
-0.335438,31.0,-2.00754,134.051
-0.295703,32.0,-2.50351,133.047
-0.324829,33.0,-3.23106,131.796
-0.297172,34.0,-3.36511,130.18
-0.382113,35.0,-3.23237,128.497
-0.267736,36.0,-3.29889,126.881
-0.232287,37.0,-3.64691,125.232
-0.341699,38.0,-3.80118,123.408
-0.300555,39.0,-4.21343,121.508
-0.296456,40.0,-4.59726,119.401
-0.280106,41.0,-4.81045,117.102
-0.233967,42.0,-5.1288,114.697
-0.108682,43.0,-4.96192,112.133
-0.21114,44.0,-5.08004,109.652
-0.125726,45.0,-5.238,107.112
0.00467443,46.0,-5.35774,104.493
-0.142075,47.0,-5.41506,101.814
-0.181984,48.0,-5.10108,99.1064
-0.0246456,49.0,-5.05662,96.5559
0.0136569,50.0,-5.20301,94.0276
0.0838972,51.0,-5.29192,91.4261
0.0858548,52.0,-5.17426,88.7801
-0.0727922,53.0,-4.94646,86.193
-0.0277367,54.0,-4.87131,83.7198
-0.17269,55.0,-4.53127,81.2841
-0.157985,56.0,-4.49978,79.0185
0.0521944,57.0,-4.51539,76.7686
-0.0119058,58.0,-4.71345,74.5109
0.0116472,59.0,-4.69202,72.1542
0.157233,60.0,-4.84829,69.8082
0.103097,61.0,-4.98123,67.384
0.127495,62.0,-5.18419,64.8934
0.146235,63.0,-5.19896,62.3013
0.164547,64.0,-5.22679,59.7018
0.328303,65.0,-5.50489,57.0884
0.31043,66.0,-5.63312,54.336
0.434854,67.0,-5.99531,51.5194
0.255362,68.0,-5.88912,48.5218
0.284746,69.0,-6.19908,45.5772
0.154479,70.0,-6.27019,42.4777
0.469741,71.0,-6.12723,39.3426
0.376107,72.0,-6.24175,36.279
0.518627,73.0,-6.07057,33.1581
0.49358,74.0,-5.3594,30.1228
0.388821,75.0,-5.07105,27.4431
0.475117,76.0,-5.23508,24.9076
0.500381,77.0,-4.95434,22.29
0.570174,78.0,-5.17288,19.8129
0.562546,79.0,-5.12795,17.2264
0.519804,80.0,-4.98253,14.6625
0.470185,81.0,-4.57583,12.1712
0.482759,82.0,-4.0151,9.88328
0.528946,83.0,-3.59827,7.87573
0.598968,84.0,-3.48552,6.07659
0.529789,85.0,-3.70345,4.33383
0.607254,86.0,-3.80172,2.48211
0.492852,87.0,-3.21195,0.581246
0.462989,88.0,-3.17051,-1.02473
0.587653,89.0,-2.65882,-2.60998
0.496702,90.0,-2.43555,-3.93939
0.446542,91.0,-2.44066,-5.15717
0.40476,92.0,-2.26637,-6.3775
0.582352,93.0,-2.18711,-7.51069
0.209383,94.0,-1.62182,-8.60424
0.443822,95.0,-1.56875,-9.41516
0.346738,96.0,-1.3018,-10.1995
0.486694,97.0,-1.17306,-10.8504
-0.0891324,98.0,-1.06213,-11.437
-0.0518612,99.0,-1.20068,-11.968
