action: u,states: t,states: v,states: x
0.0725422,0.0,-1.98585,53.176
0.0862318,1.0,-2.33652,52.1831
0.0380644,2.0,-2.81963,51.0149
0.14885,3.0,-3.02241,49.605
-0.0129015,4.0,-3.00259,48.0938
0.101126,5.0,-2.95049,46.5925
-0.00935936,6.0,-2.67542,45.1173
0.0289053,7.0,-2.71456,43.7796
0.0445174,8.0,-3.14875,42.4223
0.110917,9.0,-3.3414,40.8479
0.193106,10.0,-3.46906,39.1772
0.0812141,11.0,-3.35258,37.4427
0.160898,12.0,-3.22975,35.7664
-0.0430747,13.0,-3.27611,34.1515
-0.0454316,14.0,-3.16208,32.5135
0.0461152,15.0,-2.83555,30.9324
0.000795007,16.0,-2.57756,29.5147
0.116373,17.0,-2.74292,28.2259
0.084265,18.0,-2.49831,26.8544
0.14735,19.0,-2.57485,25.6053
0.0820935,20.0,-2.72361,24.3178
0.0283211,21.0,-2.38824,22.956
0.0181853,22.0,-2.22586,21.7619
0.0859723,23.0,-2.26657,20.649
0.1185,24.0,-1.93108,19.5157
0.174603,25.0,-1.79818,18.5502
0.139954,26.0,-2.3044,17.6511
0.0916766,27.0,-1.96927,16.4989
0.132694,28.0,-1.57153,15.5142
-0.0253092,29.0,-1.7458,14.7285
0.10173,30.0,-1.42745,13.8556
0.0243024,31.0,-1.87499,13.1419
0.0495008,32.0,-1.65582,12.2044
-0.0547288,33.0,-1.24888,11.3765
0.149315,34.0,-1.90554,10.752
0.173958,35.0,-1.86726,9.79925
0.0268035,36.0,-2.36484,8.86562
0.194383,37.0,-2.25214,7.6832
0.118172,38.0,-2.50253,6.55713
0.147458,39.0,-2.10051,5.30586
0.108338,40.0,-2.12966,4.25561
0.215031,41.0,-1.87036,3.19078
0.241941,42.0,-2.02265,2.2556
0.18891,43.0,-2.47365,1.24428
0.0828404,44.0,-2.58672,0.0074563
-0.0330688,45.0,-2.84235,-1.28591
0.278639,46.0,-2.91359,-2.70708
0.225387,47.0,-2.86756,-4.16388
0.266296,48.0,-2.85217,-5.59766
0.0591499,49.0,-2.32355,-7.02374
0.241047,50.0,-1.87325,-8.18552
0.293962,51.0,-2.03716,-9.12214
0.235201,52.0,-1.9104,-10.1407
0.224442,53.0,-1.71755,-11.0959
0.206628,54.0,-1.91012,-11.9547
0.231604,55.0,-1.7525,-12.9097
0.213932,56.0,-1.79706,-13.786
0.166322,57.0,-1.54938,-14.6845
0.313424,58.0,-1.6318,-15.4592
0.283543,59.0,-1.70674,-16.2751
0.318565,60.0,-1.30589,-17.1285
0.395078,61.0,-1.15676,-17.7814
0.32301,62.0,-0.766618,-18.3598
0.201355,63.0,-0.857162,-18.7431
0.287056,64.0,-0.92699,-19.1717
0.289986,65.0,-1.06773,-19.6352
0.236267,66.0,-0.72735,-20.1691
0.354416,67.0,-0.436567,-20.5327
0.152943,68.0,-0.228428,-20.751
0.315157,69.0,-0.362818,-20.8652
0.374296,70.0,-0.602453,-21.0467
0.190343,71.0,-0.966341,-21.3479
0.347082,72.0,-1.01543,-21.831
0.525764,73.0,-0.896946,-22.3388
0.425092,74.0,-0.507548,-22.7872
0.315609,75.0,-0.232887,-23.041
0.407027,76.0,-0.287217,-23.1575
0.477232,77.0,-0.230528,-23.3011
0.402504,78.0,0.107809,-23.4163
0.257088,79.0,0.00901565,-23.3624
0.31935,80.0,-0.181749,-23.3579
0.475741,81.0,0.324105,-23.4488
0.492888,82.0,0.28117,-23.2867
0.533674,83.0,0.393552,-23.1462
0.610009,84.0,0.473164,-22.9494
0.433868,85.0,0.79112,-22.7128
0.587359,86.0,0.526933,-22.3172
0.548256,87.0,0.934395,-22.0538
0.435631,88.0,1.19579,-21.5866
0.370905,89.0,1.31979,-20.9887
0.482897,90.0,1.36986,-20.3288
0.438543,91.0,1.88596,-19.6439
0.583992,92.0,2.16422,-18.7009
0.434446,93.0,2.54735,-17.6188
0.388176,94.0,2.35712,-16.3451
0.44518,95.0,2.54584,-15.1665
0.0621501,96.0,2.89051,-13.8936
0.564612,97.0,2.6873,-12.4484
0.0113006,98.0,3.02518,-11.1047
0.0124178,99.0,3.05032,-9.59212
-0.214612,0.0,0.630622,82.9458
-0.206553,1.0,0.301451,83.2612
-0.134391,2.0,0.293547,83.4119
-0.284578,3.0,0.201121,83.5587
-0.269913,4.0,0.08662,83.6592
-0.181608,5.0,-0.036253,83.7025
-0.106252,6.0,-0.222163,83.6844
-0.174647,7.0,-0.50309,83.5733
-0.197781,8.0,-0.537671,83.3218
-0.233967,9.0,-0.523999,83.0529
-0.163193,10.0,-0.935168,82.7909
-0.141078,11.0,-1.06016,82.3234
-0.213723,12.0,-1.0979,81.7933
-0.235492,13.0,-1.17869,81.2443
-0.102334,14.0,-1.1543,80.655
-0.157632,15.0,-0.759967,80.0778
-0.309957,16.0,-0.691467,79.6979
-0.30105,17.0,-0.64895,79.3521
-0.195911,18.0,-0.49935,79.0276
-0.235572,19.0,-0.740843,78.778
-0.2864,20.0,-1.19297,78.4075
-0.242369,21.0,-1.27225,77.8111
-0.183972,22.0,-1.5848,77.1749
-0.193724,23.0,-2.11551,76.3825
-0.288349,24.0,-2.04243,75.3248
-0.183098,25.0,-1.78399,74.3036
-0.145306,26.0,-2.13129,73.4116
-0.132086,27.0,-1.92808,72.3459
-0.278186,28.0,-1.95335,71.3819
-0.11185,29.0,-1.75576,70.4052
-0.316532,30.0,-1.79086,69.5273
0.008883,31.0,-2.02716,68.6319
-0.0860292,32.0,-2.1967,67.6183
-0.0341151,33.0,-2.1609,66.52
-0.205212,34.0,-2.35649,65.4395
0.0753582,35.0,-2.34548,64.2613
-0.232805,36.0,-2.15922,63.0885
-0.25023,37.0,-2.35435,62.0089
0.0338435,38.0,-2.7681,60.8317
-0.136666,39.0,-2.67294,59.4477
-0.0434644,40.0,-2.70909,58.1112
-0.147369,41.0,-2.45444,56.7567
-0.224555,42.0,-2.72898,55.5295
-0.00570107,43.0,-2.57711,54.165
-0.218909,44.0,-2.66227,52.8764
-0.163512,45.0,-2.45868,51.5453
0.0425807,46.0,-2.41518,50.3159
-0.126062,47.0,-2.34848,49.1083
-0.107464,48.0,-2.18286,47.9341
-0.11208,49.0,-2.44907,46.8427
-0.00696588,50.0,-2.7469,45.6181
-0.121625,51.0,-3.26783,44.2447
0.0394293,52.0,-3.0738,42.6108
0.0781331,53.0,-3.20471,41.0739
-0.0853598,54.0,-2.86213,39.4715
-0.0958987,55.0,-2.71324,38.0405
-0.0115685,56.0,-3.22593,36.6838
0.186605,57.0,-3.54815,35.0709
0.0902218,58.0,-3.10274,33.2968
0.141788,59.0,-3.71565,31.7454
0.164153,60.0,-3.4198,29.8876
0.223261,61.0,-3.71632,28.1777
0.224913,62.0,-3.42085,26.3195
0.007617,63.0,-3.05603,24.6091
0.229735,64.0,-3.02373,23.0811
0.209339,65.0,-3.14557,21.5693
0.084661,66.0,-2.93113,19.9965
0.307989,67.0,-3.09282,18.5309
0.202375,68.0,-2.9949,16.9845
0.3071,69.0,-3.01228,15.487
0.334338,70.0,-3.00455,13.9809
0.371993,71.0,-3.3405,12.4786
0.409339,72.0,-3.18103,10.8084
0.203211,73.0,-2.63983,9.21786
0.226949,74.0,-2.90383,7.89795
0.406352,75.0,-2.83619,6.44603
0.213811,76.0,-2.35199,5.02794
0.102334,77.0,-2.18912,3.85194
0.277809,78.0,-1.98444,2.75738
0.23067,79.0,-1.66348,1.76516
0.143509,80.0,-1.69434,0.933417
0.251559,81.0,-1.68167,0.0862464
0.384489,82.0,-1.59669,-0.75459
0.243249,83.0,-1.46699,-1.55294
0.356797,84.0,-1.26705,-2.28643
0.18319,85.0,-0.696606,-2.91996
0.195041,86.0,-0.717923,-3.26826
0.36862,87.0,-0.635169,-3.62722
0.368319,88.0,-0.514992,-3.94481
0.267588,89.0,-0.258194,-4.2023
0.427807,90.0,-0.402609,-4.3314
0.409494,91.0,-0.515605,-4.5327
0.39555,92.0,-0.391423,-4.79051
0.543888,93.0,-0.502379,-4.98622
0.62536,94.0,-0.295139,-5.23741
0.541015,95.0,-0.479684,-5.38498
0.499847,96.0,-0.151045,-5.62482
0.567784,97.0,-0.101494,-5.70034
0.0220709,98.0,0.225827,-5.75109
-0.013445,99.0,0.390524,-5.63818
-0.128168,0.0,0.497426,24.144
0.0074147,1.0,0.40146,24.3927
-0.119248,2.0,0.283529,24.5934
-0.0608038,3.0,0.0796265,24.7352
-0.0558728,4.0,0.0636451,24.775
0.0892819,5.0,0.296839,24.8068
0.0209349,6.0,0.391648,24.9552
0.0262995,7.0,0.263,25.151
-0.0526011,8.0,0.345233,25.2825
0.0876083,9.0,0.122285,25.4552
0.112741,10.0,-0.0799756,25.5163
0.0783674,11.0,-0.122382,25.4763
0.0113505,12.0,-0.0891979,25.4151
0.0206568,13.0,0.0807884,25.3705
-0.0496336,14.0,-0.0181846,25.4109
0.115054,15.0,-0.741003,25.4018
-0.0690133,16.0,-0.649799,25.0313
0.00533116,17.0,-0.723465,24.7064
0.122177,18.0,-0.514494,24.3447
-0.0539515,19.0,-0.246702,24.0874
0.125595,20.0,-0.500336,23.9641
-0.060955,21.0,-0.739558,23.7139
0.0215359,22.0,-0.953637,23.3442
0.12862,23.0,-1.13568,22.8673
0.05758,24.0,-1.29986,22.2995
0.137609,25.0,-1.36177,21.6496
0.178344,26.0,-1.21691,20.9687
0.0988171,27.0,-1.21753,20.3602
-0.0745133,28.0,-0.989124,19.7515
0.172675,29.0,-0.964719,19.2569
0.18241,30.0,-1.23792,18.7745
0.0351907,31.0,-0.888703,18.1556
0.171661,32.0,-1.40643,17.7112
-0.110032,33.0,-1.28194,17.008
0.126444,34.0,-0.966959,16.367
0.172629,35.0,-1.21993,15.8836
0.0578521,36.0,-1.00545,15.2736
0.150023,37.0,-1.0327,14.7709
0.0217679,38.0,-0.793069,14.2545
0.0365067,39.0,-0.504406,13.858
0.0486857,40.0,-0.592066,13.6058
0.0943235,41.0,-0.846944,13.3098
0.198251,42.0,-0.757518,12.8863
0.20006,43.0,-0.722785,12.5075
0.12026,44.0,-0.495821,12.1461
0.0279591,45.0,-0.321964,11.8982
0.00724137,46.0,-0.602585,11.7372
0.201031,47.0,-0.466579,11.4359
0.14861,48.0,-0.349717,11.2027
0.0921803,49.0,-0.148698,11.0278
0.147766,50.0,-0.159935,10.9534
-0.0315286,51.0,-0.0540264,10.8735
0.174199,52.0,0.113127,10.8465
-0.028155,53.0,0.199657,10.903
0.171812,54.0,0.0854515,11.0029
0.0723299,55.0,0.148526,11.0456
-0.00558305,56.0,0.215834,11.1198
0.111083,57.0,0.323504,11.2278
-0.0687066,58.0,0.468575,11.3895
-0.0979527,59.0,0.565718,11.6238
0.0365114,60.0,0.699516,11.9067
0.0172322,61.0,0.714056,12.2564
-0.0349717,62.0,0.462535,12.6134
-0.139742,63.0,0.63776,12.8447
-0.0953121,64.0,0.517434,13.1636
-0.0271312,65.0,0.461742,13.4223
-0.0709315,66.0,0.588334,13.6532
-0.0420138,67.0,0.42911,13.9474
0.00762129,68.0,0.481665,14.1619
0.0722061,69.0,0.536934,14.4027
-0.0745702,70.0,0.599456,14.6712
0.0798765,71.0,0.378154,14.9709
0.0189335,72.0,0.571923,15.16
0.07923,73.0,0.687233,15.446
-0.155021,74.0,0.888547,15.7896
-0.108567,75.0,0.77609,16.2339
-0.113921,76.0,0.790545,16.6219
0.040255,77.0,0.576454,17.0172
-0.0763947,78.0,0.832945,17.3054
-0.171241,79.0,0.874408,17.7219
0.0569774,80.0,0.404887,18.1591
0.0728551,81.0,0.121914,18.3615
0.047681,82.0,0.110819,18.4225
-0.100235,83.0,0.595882,18.4779
-0.0489323,84.0,0.757651,18.7758
-0.116587,85.0,0.857811,19.1547
-0.0990249,86.0,1.03582,19.5836
-0.0604115,87.0,1.10634,20.1015
-0.341948,88.0,1.37577,20.6546
-0.423023,89.0,1.18719,21.3425
-0.417233,90.0,1.13289,21.9361
-0.395908,91.0,1.46698,22.5026
-0.473695,92.0,1.25793,23.2361
-0.498643,93.0,1.32535,23.865
-0.305673,94.0,1.21697,24.5277
-0.571877,95.0,1.02896,25.1362
-0.480686,96.0,0.85202,25.6507
-0.423272,97.0,0.531626,26.0767
-0.00450647,98.0,0.263833,26.3425
0.0122973,99.0,-0.0807704,26.4744
-0.094529,0.0,-0.314617,39.652
0.0611203,1.0,-0.446952,39.4947
-0.0899314,2.0,-0.0840062,39.2712
0.0522114,3.0,0.191674,39.2292
-0.0722166,4.0,0.11641,39.3251
-0.0934138,5.0,0.197615,39.3833
-0.118413,6.0,-0.0133475,39.4821
-0.0576639,7.0,0.319696,39.4754
-0.0706285,8.0,0.515707,39.6353
-0.0668909,9.0,0.308373,39.8931
-0.0458083,10.0,0.526124,40.0473
-0.134163,11.0,1.04045,40.3104
-0.163629,12.0,1.17555,40.8306
-0.0433441,13.0,1.21334,41.4184
-0.0601296,14.0,1.2255,42.025
-0.147671,15.0,0.841966,42.6378
-0.00912184,16.0,0.633376,43.0588
0.019678,17.0,0.490646,43.3754
0.0528979,18.0,0.536945,43.6208
-0.0601206,19.0,0.477281,43.8892
-0.0383988,20.0,0.336688,44.1279
-0.0657706,21.0,0.369684,44.2962
-0.185709,22.0,0.223421,44.4811
-0.00506538,23.0,0.0799785,44.5928
-0.0960831,24.0,-0.12134,44.6328
-0.137137,25.0,-0.246795,44.5721
-0.0161288,26.0,-0.118503,44.4487
-0.0148802,27.0,-0.0752543,44.3894
0.0223479,28.0,0.126048,44.3518
-0.124164,29.0,-0.128022,44.4148
-0.148552,30.0,-0.249597,44.3508
-0.0938281,31.0,-0.0673951,44.226
-0.124954,32.0,-0.278706,44.1923
-0.000780225,33.0,-0.255567,44.053
0.047775,34.0,-0.369459,43.9252
-0.083181,35.0,0.0136455,43.7405
-0.111078,36.0,0.268843,43.7473
-0.0130225,37.0,0.124517,43.8817
-0.275036,38.0,0.598073,43.944
-0.147879,39.0,0.395097,44.243
-0.14446,40.0,0.351924,44.4406
-0.196646,41.0,0.421576,44.6165
-0.0243924,42.0,0.0196522,44.8273
-0.017018,43.0,-0.178411,44.8371
-0.195903,44.0,0.145931,44.7479
-0.128668,45.0,0.467895,44.8209
-0.169571,46.0,0.0367299,45.0548
-0.258416,47.0,0.213328,45.0732
-0.191193,48.0,0.632435,45.1799
-0.273058,49.0,0.722657,45.4961
-0.190569,50.0,0.441036,45.8574
-0.239144,51.0,0.46772,46.0779
-0.0918371,52.0,-0.0528718,46.3118
-0.26813,53.0,0.0706937,46.2853
-0.0806527,54.0,0.285144,46.3207
-0.383615,55.0,0.366447,46.4633
-0.256707,56.0,0.109737,46.6465
-0.303915,57.0,-0.0674812,46.7014
-0.155292,58.0,-0.460839,46.6676
-0.164098,59.0,-0.458715,46.4372
-0.00185156,60.0,-0.818804,46.2078
-0.0844554,61.0,-1.07233,45.7984
-0.116272,62.0,-1.28909,45.2623
-0.238923,63.0,-1.37028,44.6177
-0.00369298,64.0,-1.49671,43.9326
-0.012598,65.0,-1.87783,43.1842
0.00706422,66.0,-1.72599,42.2453
-0.149989,67.0,-1.45821,41.3823
-0.0746703,68.0,-1.58791,40.6532
-0.127747,69.0,-1.71023,39.8593
-0.0236791,70.0,-1.6669,39.0042
0.0116911,71.0,-1.54024,38.1707
-0.219009,72.0,-1.30621,37.4006
-0.231218,73.0,-1.61238,36.7475
0.071449,74.0,-1.91692,35.9413
-0.0400196,75.0,-1.95567,34.9828
0.0543004,76.0,-2.00204,34.005
0.0450901,77.0,-2.06289,33.004
-0.00301546,78.0,-1.98086,31.9725
0.0424246,79.0,-1.68653,30.9821
0.052048,80.0,-1.66116,30.1388
0.110154,81.0,-1.72133,29.3083
-0.0528598,82.0,-1.32776,28.4476
-0.0753487,83.0,-1.49785,27.7837
-0.0644345,84.0,-1.56561,27.0348
-0.123252,85.0,-1.39862,26.252
0.044377,86.0,-1.48836,25.5527
0.173283,87.0,-1.60746,24.8085
0.299357,88.0,-1.72374,24.0048
0.225854,89.0,-1.30821,23.1429
0.105507,90.0,-0.919774,22.4888
0.0741802,91.0,-0.931146,22.0289
0.155294,92.0,-0.733099,21.5633
-0.0597055,93.0,-0.467651,21.1968
-0.143728,94.0,-0.364303,20.9629
0.0021615,95.0,-0.620903,20.7808
0.0597304,96.0,-0.655403,20.4703
-0.0195987,97.0,-0.358247,20.1426
-0.00200158,98.0,-0.121096,19.9635
-0.00596589,99.0,0.0883649,19.903
-0.305821,0.0,0.302629,133.557
-0.265577,1.0,0.49765,133.708
-0.399586,2.0,0.189701,133.957
-0.193426,3.0,-0.386959,134.052
-0.258249,4.0,-0.323876,133.858
-0.0440661,5.0,-0.521473,133.696
-0.209811,6.0,-0.956233,133.435
-0.301124,7.0,-1.17194,132.957
-0.211635,8.0,-1.69315,132.371
-0.227374,9.0,-1.71415,131.525
-0.221401,10.0,-1.57996,130.668
-0.310961,11.0,-1.08854,129.878
-0.36847,12.0,-1.23986,129.333
-0.130278,13.0,-1.59069,128.714
-0.314857,14.0,-2.02206,127.918
-0.135651,15.0,-2.16137,126.907
-0.14297,16.0,-1.91882,125.826
-0.262162,17.0,-2.44624,124.867
-0.221477,18.0,-2.9933,123.644
-0.166751,19.0,-3.39237,122.147
0.0427759,20.0,-3.74014,120.451
-0.185549,21.0,-3.7541,118.581
0.00471938,22.0,-3.96518,116.704
0.0906783,23.0,-4.31702,114.721
0.0992682,24.0,-4.35927,112.563
0.0340695,25.0,-4.33951,110.383
0.0158563,26.0,-4.65391,108.214
0.0265868,27.0,-4.49354,105.887
0.12986,28.0,-4.23521,103.64
-0.0615125,29.0,-3.83888,101.522
0.0659058,30.0,-3.52658,99.6027
-0.0859048,31.0,-3.67408,97.8395
-0.0735518,32.0,-4.23704,96.0024
-0.0585102,33.0,-4.29067,93.8839
0.092129,34.0,-4.41222,91.7386
0.0457656,35.0,-4.42927,89.5325
-0.0542337,36.0,-4.50065,87.3178
0.0786638,37.0,-4.80699,85.0675
0.0597378,38.0,-4.59824,82.664
0.187002,39.0,-4.51529,80.3649
0.0229868,40.0,-4.37421,78.1072
0.100495,41.0,-4.6901,75.9201
0.225818,42.0,-4.83475,73.5751
0.261259,43.0,-4.95064,71.1577
0.129828,44.0,-4.92249,68.6824
0.0901113,45.0,-4.50685,66.2211
0.320558,46.0,-4.61254,63.9677
0.115027,47.0,-4.29847,61.6614
0.262808,48.0,-4.33337,59.5122
0.0577267,49.0,-4.09068,57.3455
0.231182,50.0,-4.09251,55.3002
0.230977,51.0,-4.03571,53.2539
0.318394,52.0,-4.67546,51.2361
0.193016,53.0,-4.51486,48.8984
0.341033,54.0,-4.46733,46.6409
0.255654,55.0,-4.30867,44.4073
0.319788,56.0,-3.88487,42.2529
0.177395,57.0,-3.59998,40.3105
0.214813,58.0,-3.54411,38.5105
0.16457,59.0,-3.42954,36.7384
0.343871,60.0,-3.59383,35.0237
0.326241,61.0,-3.72564,33.2268
0.378541,62.0,-4.09912,31.3639
0.342379,63.0,-3.94796,29.3144
0.437748,64.0,-4.33232,27.3404
0.41488,65.0,-3.8334,25.1742
0.37003,66.0,-3.43034,23.2575
0.445083,67.0,-3.08614,21.5424
0.233333,68.0,-2.9701,19.9993
0.304581,69.0,-2.7194,18.5142
0.34362,70.0,-3.0116,17.1545
0.418953,71.0,-2.80247,15.6487
0.0973597,72.0,-3.15647,14.2475
0.494534,73.0,-3.1061,12.6693
0.321522,74.0,-2.92541,11.1162
0.575894,75.0,-2.81734,9.65351
0.43747,76.0,-2.53089,8.24484
0.433198,77.0,-2.04698,6.9794
0.509682,78.0,-2.08501,5.95591
0.559404,79.0,-1.87427,4.9134
0.578492,80.0,-1.58999,3.97627
0.523246,81.0,-1.31317,3.18127
0.466226,82.0,-0.776426,2.52468
0.542951,83.0,-0.375721,2.13647
0.250468,84.0,0.0738348,1.94861
0.5694,85.0,-0.0709922,1.98553
0.371698,86.0,0.909355,1.95003
0.502001,87.0,0.782837,2.40471
0.485331,88.0,1.52254,2.79613
0.395698,89.0,2.08358,3.5574
0.528685,90.0,1.9681,4.59919
0.412098,91.0,2.18673,5.58324
0.500988,92.0,2.25471,6.6766
0.505992,93.0,2.48267,7.80396
0.40856,94.0,2.74316,9.0453
0.576411,95.0,2.87793,10.4169
0.518868,96.0,3.17845,11.8558
0.34483,97.0,3.42767,13.4451
-0.00869864,98.0,3.46458,15.1589
0.00582862,99.0,3.35831,16.8912
0.360134,0.0,-0.707421,-98.4318
0.168411,1.0,-0.375113,-98.7856
0.332554,2.0,-0.0925317,-98.9731
0.354438,3.0,0.477888,-99.0194
0.140615,4.0,0.764142,-98.7804
0.170822,5.0,1.16196,-98.3984
0.355659,6.0,1.06566,-97.8174
0.293151,7.0,1.11647,-97.2846
0.310409,8.0,1.124,-96.7263
0.255622,9.0,1.19786,-96.1643
0.364009,10.0,1.00991,-95.5654
0.325883,11.0,1.17739,-95.0604
0.310876,12.0,1.10427,-94.4717
0.313018,13.0,0.983049,-93.9196
0.237291,14.0,1.03657,-93.4281
0.271161,15.0,1.21414,-92.9098
0.214814,16.0,1.42422,-92.3027
0.353365,17.0,1.8898,-91.5906
0.20482,18.0,2.04159,-90.6457
0.234296,19.0,1.98216,-89.6249
0.341742,20.0,1.91583,-88.6338
0.311517,21.0,2.00181,-87.6759
0.345078,22.0,1.88262,-86.675
0.180776,23.0,1.81391,-85.7337
0.166159,24.0,2.11224,-84.8268
0.24294,25.0,1.64259,-83.7706
0.318958,26.0,1.56291,-82.9493
0.318067,27.0,1.91566,-82.1679
0.36305,28.0,1.922,-81.21
0.265831,29.0,2.27071,-80.249
0.118895,30.0,2.51753,-79.1137
0.166347,31.0,2.54257,-77.8549
0.23021,32.0,2.77974,-76.5836
0.382603,33.0,2.8128,-75.1938
0.23106,34.0,2.93234,-73.7874
0.154009,35.0,3.33921,-72.3212
0.203565,36.0,3.15167,-70.6516
0.214061,37.0,3.43387,-69.0758
0.14554,38.0,3.62225,-67.3588
0.167058,39.0,3.43544,-65.5477
0.0389291,40.0,3.63314,-63.83
0.227323,41.0,3.58594,-62.0134
0.234182,42.0,3.61779,-60.2204
0.18944,43.0,3.79371,-58.4115
0.177047,44.0,4.14537,-56.5147
0.17272,45.0,4.54085,-54.442
0.158626,46.0,4.30533,-52.1716
0.0841672,47.0,4.29638,-50.0189
0.152014,48.0,4.20333,-47.8707
0.024572,49.0,4.55368,-45.7691
0.122751,50.0,4.5567,-43.4922
-0.0462926,51.0,4.89037,-41.2139
-0.0286806,52.0,4.69769,-38.7687
0.138144,53.0,4.45906,-36.4198
0.0321254,54.0,4.66644,-34.1903
-0.0695987,55.0,5.12712,-31.8571
-0.149093,56.0,4.76104,-29.2935
-0.0863955,57.0,4.90024,-26.913
-0.110675,58.0,4.81186,-24.4629
-0.186845,59.0,4.57782,-22.057
-0.152734,60.0,4.70059,-19.768
-0.222849,61.0,4.64867,-17.4177
-0.29496,62.0,5.06922,-15.0934
-0.295875,63.0,5.1026,-12.5588
-0.220202,64.0,4.76656,-10.0075
-0.233595,65.0,4.35228,-7.62422
-0.177355,66.0,4.13035,-5.44808
-0.318042,67.0,4.36401,-3.3829
-0.203186,68.0,3.98028,-1.2009
-0.14217,69.0,3.42447,0.789245
-0.238632,70.0,3.38865,2.50148
-0.219027,71.0,3.35683,4.19581
-0.164063,72.0,3.32285,5.87422
-0.268618,73.0,3.16602,7.53565
-0.226342,74.0,3.47485,9.11866
-0.407911,75.0,3.43264,10.8561
-0.328349,76.0,3.0205,12.5724
-0.36364,77.0,2.85084,14.0827
-0.243411,78.0,2.82397,15.5081
-0.490042,79.0,3.03868,16.9201
-0.361306,80.0,2.5411,18.4394
-0.314568,81.0,2.31544,19.7099
-0.387283,82.0,2.24181,20.8677
-0.508726,83.0,2.19619,21.9886
-0.467057,84.0,1.84735,23.0867
-0.333404,85.0,1.77708,24.0103
-0.422224,86.0,1.31586,24.8989
-0.364012,87.0,0.846789,25.5568
-0.457697,88.0,0.924217,25.9802
-0.396808,89.0,0.668273,26.4423
-0.496982,90.0,0.457809,26.7765
-0.563486,91.0,0.325865,27.0054
-0.458582,92.0,0.0476145,27.1683
-0.507126,93.0,-0.00264636,27.1921
-0.424177,94.0,-0.32113,27.1908
-0.436186,95.0,-0.813402,27.0302
-0.498603,96.0,-0.915586,26.6235
-0.550782,97.0,-1.13446,26.1657
0.015133,98.0,-1.73513,25.5985
-0.00819761,99.0,-1.59922,24.7309
0.249466,0.0,-0.338018,-55.3364
0.318842,1.0,-0.0303414,-55.5054
0.215564,2.0,0.396251,-55.5206
0.244357,3.0,0.326589,-55.3225
0.319936,4.0,0.220944,-55.1592
0.167733,5.0,0.375642,-55.0487
0.0753516,6.0,0.0612544,-54.8609
0.393455,7.0,0.0110433,-54.8303
0.182847,8.0,0.46221,-54.8248
0.15284,9.0,0.479929,-54.5936
0.355431,10.0,0.444321,-54.3537
0.22272,11.0,0.176018,-54.1315
0.170633,12.0,0.113566,-54.0435
0.322586,13.0,0.118785,-53.9867
0.301889,14.0,0.383305,-53.9273
0.31458,15.0,0.510515,-53.7357
0.322442,16.0,0.664835,-53.4804
0.307305,17.0,0.628965,-53.148
0.377945,18.0,0.759338,-52.8335
0.24182,19.0,1.19128,-52.4539
0.146129,20.0,1.57758,-51.8582
0.288742,21.0,1.69271,-51.0694
0.207395,22.0,2.11487,-50.2231
0.133207,23.0,2.30235,-49.1656
0.321416,24.0,2.31366,-48.0145
0.221734,25.0,2.46387,-46.8576
0.243279,26.0,2.26052,-45.6257
0.189909,27.0,2.57714,-44.4954
0.103398,28.0,2.92914,-43.2069
0.222684,29.0,2.72622,-41.7423
0.164138,30.0,2.78465,-40.3792
0.282481,31.0,2.88592,-38.9869
0.301996,32.0,2.67818,-37.5439
0.26912,33.0,2.72596,-36.2048
0.176948,34.0,2.7107,-34.8418
0.318197,35.0,2.61714,-33.4865
0.205169,36.0,2.80696,-32.1779
0.348947,37.0,2.96808,-30.7744
0.247071,38.0,3.11404,-29.2904
0.119176,39.0,3.44745,-27.7334
0.266529,40.0,3.56815,-26.0097
0.186881,41.0,3.39497,-24.2256
0.293988,42.0,3.29287,-22.5281
0.276151,43.0,3.11912,-20.8817
0.202474,44.0,3.39559,-19.3221
0.120733,45.0,3.55989,-17.6243
0.131959,46.0,3.6594,-15.8444
0.135746,47.0,3.28741,-14.0147
0.0448081,48.0,3.30564,-12.371
0.102052,49.0,3.62124,-10.7181
0.161636,50.0,3.80517,-8.90752
0.217951,51.0,3.83549,-7.00494
0.0894514,52.0,4.21442,-5.08719
-0.0449408,53.0,4.15615,-2.97998
-0.0297463,54.0,4.14984,-0.901907
-0.0100398,55.0,4.25987,1.17302
-0.0451569,56.0,3.75078,3.30295
0.108101,57.0,3.94091,5.17834
-0.0142547,58.0,3.74138,7.14879
-0.0126665,59.0,3.72356,9.01948
-0.0662979,60.0,3.86914,10.8813
-0.0971994,61.0,3.50756,12.8158
0.00338411,62.0,3.11601,14.5696
0.0825742,63.0,3.08617,16.1276
0.083239,64.0,2.93963,17.6707
-0.0895148,65.0,3.12106,19.1405
-0.0395595,66.0,3.16497,20.7011
0.0435939,67.0,2.91617,22.2835
0.0299566,68.0,3.05042,23.7416
0.0498039,69.0,3.01837,25.2668
-0.0110346,70.0,2.88838,26.776
0.0747555,71.0,2.87838,28.2202
0.0585355,72.0,2.81311,29.6594
-0.0896012,73.0,2.95042,31.066
-0.0801588,74.0,2.92457,32.5412
-0.134184,75.0,2.83612,34.0034
-0.0235102,76.0,2.43552,35.4215
-0.16405,77.0,2.38211,36.6393
-0.137524,78.0,2.66058,37.8303
-0.367292,79.0,2.93209,39.1606
-0.322465,80.0,2.64307,40.6267
-0.324629,81.0,2.43106,41.9482
-0.314248,82.0,2.11381,43.1637
-0.122167,83.0,1.86653,44.2206
-0.230556,84.0,1.80036,45.1539
-0.279157,85.0,2.09864,46.0541
-0.424323,86.0,2.23373,47.1034
0.0589298,87.0,1.95355,48.2202
-0.364213,88.0,1.70225,49.197
-0.30031,89.0,1.50872,50.0481
-0.303228,90.0,1.13664,50.8025
-0.267774,91.0,0.968901,51.3708
-0.353462,92.0,0.693374,51.8553
-0.144496,93.0,0.572352,52.202
-0.523666,94.0,0.315749,52.4881
-0.606033,95.0,0.318089,52.646
-0.421115,96.0,0.00681456,52.8051
-0.56588,97.0,-0.0337294,52.8085
-0.00147957,98.0,-0.532431,52.7916
-0.00312668,99.0,-0.799512,52.5254
0.0406036,0.0,1.1495,-59.3756
0.0261033,1.0,1.579,-58.8008
-0.0213356,2.0,1.86709,-58.0113
0.0267186,3.0,1.48059,-57.0778
0.104354,4.0,1.18397,-56.3375
0.00661075,5.0,1.29617,-55.7455
0.0740641,6.0,0.819182,-55.0974
0.105874,7.0,0.824039,-54.6878
0.103011,8.0,0.928374,-54.2758
0.00315428,9.0,1.46564,-53.8116
0.204006,10.0,1.58487,-53.0788
0.0678916,11.0,1.73481,-52.2864
0.145842,12.0,1.93084,-51.4189
0.12553,13.0,2.00616,-50.4535
0.126646,14.0,1.741,-49.4504
0.107493,15.0,1.43361,-48.5799
0.0847653,16.0,1.52287,-47.8631
0.0380541,17.0,1.59641,-47.1017
0.069594,18.0,1.55381,-46.3035
0.0610659,19.0,1.78634,-45.5266
0.108309,20.0,1.61014,-44.6334
0.20257,21.0,1.74921,-43.8284
-0.0112631,22.0,2.0203,-42.9538
0.154352,23.0,1.71157,-41.9436
0.0486747,24.0,1.69389,-41.0878
0.129728,25.0,1.31348,-40.2409
0.209069,26.0,1.13535,-39.5841
0.0691808,27.0,1.00057,-39.0165
0.142557,28.0,0.946311,-38.5162
0.153655,29.0,1.02457,-38.043
0.210353,30.0,1.46429,-37.5307
-0.00660771,31.0,1.80931,-36.7986
0.178848,32.0,1.82645,-35.8939
0.169893,33.0,2.03938,-34.9807
0.101504,34.0,2.37767,-33.961
0.0171525,35.0,2.31018,-32.7722
0.0639122,36.0,2.27468,-31.6171
-0.0931196,37.0,2.58586,-30.4798
0.210068,38.0,2.39743,-29.1868
0.0901541,39.0,2.28171,-27.9881
0.0570261,40.0,2.30374,-26.8473
0.145849,41.0,2.41364,-25.6954
0.119253,42.0,2.5223,-24.4886
0.0134504,43.0,2.39049,-23.2274
-0.00761694,44.0,2.40103,-22.0322
-0.00391304,45.0,2.83193,-20.8317
0.0309961,46.0,2.86097,-19.4157
0.114139,47.0,2.57151,-17.9852
-0.0161604,48.0,2.72654,-16.6995
-0.0235786,49.0,2.6967,-15.3362
-0.0472822,50.0,2.23039,-13.9878
-0.13097,51.0,2.39158,-12.8727
-0.0981388,52.0,2.39739,-11.6769
0.0538439,53.0,2.25451,-10.4782
0.120923,54.0,1.85645,-9.35091
0.0946007,55.0,1.92843,-8.42268
-0.10278,56.0,2.0782,-7.45847
-0.0770811,57.0,2.41907,-6.41937
-0.0709432,58.0,2.17459,-5.20983
-0.0848861,59.0,2.41989,-4.12254
-0.116332,60.0,2.27424,-2.91259
-0.045333,61.0,2.13735,-1.77547
-0.0405656,62.0,2.41525,-0.706796
-0.158621,63.0,2.66785,0.500831
-0.17046,64.0,2.61032,1.83476
-0.136146,65.0,2.38592,3.13991
-0.183486,66.0,2.46965,4.33287
-0.215156,67.0,2.54486,5.5677
-0.0815952,68.0,2.38934,6.84013
-0.333899,69.0,2.5896,8.0348
-0.251323,70.0,2.29967,9.3296
-0.281284,71.0,2.27445,10.4794
-0.136597,72.0,2.19999,11.6167
-0.319842,73.0,1.96451,12.7167
-0.171106,74.0,1.49787,13.6989
-0.158863,75.0,1.30773,14.4478
-0.127007,76.0,1.44413,15.1017
-0.250323,77.0,1.49877,15.8238
-0.193652,78.0,1.44273,16.5732
-0.341535,79.0,1.46951,17.2945
-0.0368845,80.0,0.790495,18.0293
-0.0453234,81.0,0.664194,18.4245
-0.21147,82.0,0.8982,18.7566
-0.116575,83.0,0.917667,19.2057
-0.169989,84.0,0.597916,19.6646
-0.135062,85.0,0.41866,19.9635
-0.0523239,86.0,0.262149,20.1728
-0.103251,87.0,0.144048,20.3039
-0.226572,88.0,0.272354,20.3759
-0.136345,89.0,0.110728,20.5121
-0.0356954,90.0,0.126059,20.5675
0.030455,91.0,-0.00108938,20.6305
-0.24381,92.0,0.199738,20.63
-0.145379,93.0,-0.00442847,20.7298
0.108824,94.0,-0.443899,20.7276
0.00183809,95.0,-0.36144,20.5057
0.0322845,96.0,-0.182873,20.325
0.0192357,97.0,-0.43661,20.2335
-0.000206411,98.0,-0.373634,20.0152
0.000227451,99.0,-0.402803,19.8284
-0.202076,0.0,0.774082,36.5054
-0.16719,1.0,0.552432,36.8924
-0.189347,2.0,0.26015,37.1686
-0.167071,3.0,0.0995407,37.2987
-0.154009,4.0,0.250425,37.3484
-0.139204,5.0,0.275901,37.4737
-0.133933,6.0,-0.112869,37.6116
-0.135164,7.0,0.0390958,37.5552
-0.183628,8.0,0.0320725,37.5747
-0.0415496,9.0,-0.385855,37.5908
0.0560474,10.0,-0.182852,37.3978
-0.110627,11.0,-0.400481,37.3064
-0.0280234,12.0,-0.605627,37.1062
-0.0294998,13.0,-0.317929,36.8034
-0.189763,14.0,-0.349809,36.6444
-0.020637,15.0,-0.661123,36.4695
-0.0859106,16.0,-0.663167,36.1389
0.0718548,17.0,-0.523434,35.8073
-0.143068,18.0,-0.0709327,35.5456
-0.0841905,19.0,-0.0469725,35.5102
-0.106566,20.0,-0.0837681,35.4867
-0.159472,21.0,0.160889,35.4448
-0.0682153,22.0,-0.424504,35.5252
-0.0603896,23.0,-0.102128,35.313
-0.0501968,24.0,-0.243157,35.2619
-0.152345,25.0,-0.693025,35.1403
-0.131129,26.0,-0.981876,34.7938
-0.0969785,27.0,-1.17435,34.3029
-0.0130082,28.0,-1.10471,33.7157
0.0192631,29.0,-0.890812,33.1633
0.0495448,30.0,-0.9482,32.7179
-0.05848,31.0,-1.00094,32.2438
-0.0853099,32.0,-0.957611,31.7434
0.0338166,33.0,-1.18756,31.2646
-0.118117,34.0,-1.35364,30.6708
0.0341774,35.0,-1.18464,29.994
0.0253291,36.0,-0.959581,29.4016
-0.10854,37.0,-1.39326,28.9219
-0.0487135,38.0,-1.67112,28.2252
0.0717648,39.0,-1.46176,27.3897
-0.0790068,40.0,-1.32244,26.6588
0.092469,41.0,-1.64915,25.9976
0.0280105,42.0,-1.58202,25.173
0.0443387,43.0,-1.39941,24.382
-0.0790374,44.0,-1.08158,23.6823
-0.0246692,45.0,-1.10197,23.1415
-0.128242,46.0,-1.03266,22.5905
-0.133553,47.0,-0.998148,22.0742
-0.0821713,48.0,-0.925165,21.5751
-0.0464932,49.0,-1.13805,21.1125
0.0861998,50.0,-1.10118,20.5435
0.0131617,51.0,-1.43456,19.9929
0.0174598,52.0,-1.6553,19.2756
0.0745468,53.0,-1.46469,18.448
0.120531,54.0,-1.65615,17.7156
0.0951614,55.0,-1.82645,16.8876
0.215545,56.0,-1.85841,15.9743
0.140622,57.0,-1.44862,15.0451
0.015613,58.0,-1.3261,14.3208
0.0664153,59.0,-1.36258,13.6578
0.132599,60.0,-1.22085,12.9765
0.139084,61.0,-1.1767,12.366
0.129144,62.0,-1.02433,11.7777
0.098563,63.0,-0.823332,11.2655
-0.0372503,64.0,-0.872054,10.8539
0.0513015,65.0,-0.711874,10.4178
-0.114938,66.0,-0.608348,10.0619
0.0684484,67.0,-0.518928,9.75773
-0.210966,68.0,-0.0303752,9.49827
-0.0220743,69.0,-0.510074,9.48308
0.0260929,70.0,-0.594161,9.22804
-0.0385198,71.0,-0.393581,8.93096
-0.101736,72.0,-0.418323,8.73417
-0.12397,73.0,-0.51051,8.52501
0.00963211,74.0,-0.750185,8.26975
0.0347333,75.0,-1.0886,7.89466
0.128627,76.0,-0.984709,7.35036
0.135477,77.0,-1.46375,6.85801
0.208037,78.0,-1.46601,6.12613
0.0920645,79.0,-1.57322,5.39312
0.371038,80.0,-1.63592,4.60651
0.351476,81.0,-1.57233,3.78855
0.0524216,82.0,-1.17863,3.00239
0.237976,83.0,-1.04345,2.41307
0.0942746,84.0,-1.19208,1.89134
0.105323,85.0,-0.852464,1.29531
0.260506,86.0,-0.961608,0.869074
0.267182,87.0,-0.669342,0.38827
0.297085,88.0,-0.571354,0.053599
0.386668,89.0,-0.0561104,-0.232078
0.344852,90.0,0.0674676,-0.260133
0.237857,91.0,0.098443,-0.226399
0.0340574,92.0,0.637495,-0.177178
0.345767,93.0,0.50498,0.14157
-0.0288225,94.0,1.03846,0.39406
-0.179665,95.0,1.01944,0.913291
-0.32215,96.0,0.900904,1.42301
0.0023222,97.0,0.475657,1.87346
0.000464797,98.0,0.640619,2.11129
0.000628829,99.0,0.842529,2.4316
-0.154302,0.0,0.821121,40.8693
-0.182164,1.0,0.881574,41.2798
-0.243596,2.0,0.897449,41.7206
-0.175813,3.0,0.932365,42.1693
-0.264336,4.0,0.918811,42.6355
-0.174787,5.0,0.965717,43.0949
-0.194686,6.0,1.24938,43.5778
-0.219451,7.0,1.20639,44.2025
-0.153068,8.0,0.787332,44.8057
-0.0880383,9.0,0.794725,45.1993
-0.0477437,10.0,0.359901,45.5967
-0.22086,11.0,0.641274,45.7766
-0.152272,12.0,0.967799,46.0973
-0.221323,13.0,0.419046,46.5812
-0.166794,14.0,-0.0156305,46.7907
-0.132961,15.0,-0.457637,46.7829
-0.190702,16.0,-0.767716,46.5541
-0.0354922,17.0,-0.802644,46.1702
-0.165846,18.0,-0.798648,45.7689
-0.160025,19.0,-0.838913,45.3696
-0.113199,20.0,-1.47429,44.9501
0.062151,21.0,-1.63491,44.213
-0.0401681,22.0,-1.74221,43.3955
-0.0998331,23.0,-1.55223,42.5244
-0.0836845,24.0,-1.26509,41.7483
-0.0308546,25.0,-1.85382,41.1157
0.10127,26.0,-2.0965,40.1888
0.112798,27.0,-2.2466,39.1406
-0.0555986,28.0,-2.40711,38.0173
0.118787,29.0,-2.33218,36.8137
-0.00423288,30.0,-2.46389,35.6476
0.174442,31.0,-2.42731,34.4157
0.0262198,32.0,-2.75139,33.202
-0.0169023,33.0,-2.8858,31.8263
0.132682,34.0,-2.76156,30.3834
0.0157315,35.0,-2.98807,29.0027
0.246629,36.0,-3.3006,27.5086
0.226331,37.0,-3.35475,25.8583
0.0518881,38.0,-3.06933,24.181
0.135112,39.0,-2.94799,22.6463
0.0974038,40.0,-2.88018,21.1723
0.0786593,41.0,-2.62968,19.7322
0.144918,42.0,-2.4955,18.4174
0.0551311,43.0,-2.31988,17.1696
0.147732,44.0,-2.3936,16.0097
0.0983093,45.0,-2.30319,14.8129
0.10255,46.0,-2.01161,13.6613
0.0630606,47.0,-1.88118,12.6555
0.115575,48.0,-1.44053,11.7149
0.0726173,49.0,-1.47952,10.9946
-0.0466364,50.0,-1.33098,10.2549
-0.00300622,51.0,-1.72197,9.58937
0.118623,52.0,-1.20487,8.72838
0.00681818,53.0,-1.25396,8.12595
0.00723195,54.0,-1.35533,7.49897
0.0395997,55.0,-1.47413,6.8213
0.142048,56.0,-1.67896,6.08424
0.249518,57.0,-1.95348,5.24476
0.151423,58.0,-2.12206,4.26802
0.279003,59.0,-1.90393,3.20698
0.0965987,60.0,-2.02759,2.25502
0.0374588,61.0,-2.16842,1.24123
0.237732,62.0,-2.0928,0.157013
0.29258,63.0,-2.09336,-0.889389
0.279302,64.0,-1.79283,-1.93607
0.0982418,65.0,-1.69628,-2.83248
0.207231,66.0,-1.64032,-3.68062
0.309516,67.0,-1.62574,-4.50078
0.238128,68.0,-1.57815,-5.31365
0.316798,69.0,-1.64053,-6.10273
0.11726,70.0,-1.75343,-6.92299
0.377082,71.0,-1.93263,-7.79971
0.274258,72.0,-1.38765,-8.76602
0.29926,73.0,-1.14013,-9.45985
0.226644,74.0,-0.744508,-10.0299
0.344341,75.0,-1.12256,-10.4022
0.27111,76.0,-0.906351,-10.9634
0.367314,77.0,-0.831748,-11.4166
0.410784,78.0,-0.619729,-11.8325
0.082442,79.0,-0.678621,-12.1424
0.465925,80.0,-0.89565,-12.4817
0.443267,81.0,-1.18184,-12.9295
0.441599,82.0,-0.539618,-13.5204
0.381204,83.0,-0.163476,-13.7902
0.472113,84.0,0.295938,-13.872
0.289556,85.0,0.31945,-13.724
0.258559,86.0,0.472158,-13.5643
0.354392,87.0,0.665074,-13.3282
0.391955,88.0,0.459394,-12.9957
0.397974,89.0,0.750424,-12.766
0.302166,90.0,0.878101,-12.3907
0.413083,91.0,0.763224,-11.9517
0.395154,92.0,1.11447,-11.5701
0.50121,93.0,1.40673,-11.0128
0.574538,94.0,1.72822,-10.3095
0.565113,95.0,1.9867,-9.44537
0.270654,96.0,2.20749,-8.45202
0.561481,97.0,2.23866,-7.34828
-0.00883615,98.0,2.37877,-6.22895
0.00874734,99.0,2.63089,-5.03956
-0.129625,0.0,0.75837,96.0782
-0.283642,1.0,1.08023,96.4574
-0.233025,2.0,0.752849,96.9975
-0.224247,3.0,0.903432,97.3739
-0.311037,4.0,0.924756,97.8256
-0.117069,5.0,0.647406,98.288
-0.308879,6.0,0.524715,98.6117
-0.29938,7.0,0.258813,98.8741
-0.338208,8.0,-0.0077452,99.0035
-0.249217,9.0,-0.197629,98.9996
-0.345697,10.0,-0.388945,98.9008
-0.265913,11.0,-0.700123,98.7063
-0.083446,12.0,-0.432838,98.3563
-0.380922,13.0,-0.36202,98.1398
-0.325708,14.0,-0.306824,97.9588
-0.168429,15.0,-0.184562,97.8054
-0.176558,16.0,-0.404748,97.7132
-0.297854,17.0,-0.800165,97.5108
-0.156365,18.0,-1.06091,97.1107
-0.361344,19.0,-0.751311,96.5802
-0.182326,20.0,-0.733532,96.2046
-0.306946,21.0,-1.21583,95.8378
-0.276954,22.0,-1.13963,95.2299
-0.232731,23.0,-1.5786,94.6601
-0.116697,24.0,-1.52822,93.8708
-0.219671,25.0,-1.20333,93.1067
-0.199583,26.0,-1.12701,92.505
-0.124644,27.0,-1.41386,91.9415
-0.154443,28.0,-1.66427,91.2346
-0.347211,29.0,-1.64156,90.4024
-0.179266,30.0,-2.12323,89.5816
-0.125113,31.0,-2.35285,88.52
-0.316414,32.0,-2.27098,87.3436
-0.231511,33.0,-2.34147,86.2081
-0.0995655,34.0,-2.52222,85.0374
-0.208885,35.0,-2.63607,83.7763
-0.0542043,36.0,-3.27038,82.4582
-0.063642,37.0,-2.97242,80.823
-0.22009,38.0,-3.15676,79.3368
-0.212108,39.0,-3.01765,77.7584
-0.0335888,40.0,-3.3689,76.2496
-0.119594,41.0,-3.23312,74.5652
-0.0266309,42.0,-3.17058,72.9486
-0.0716662,43.0,-3.3985,71.3633
0.00859845,44.0,-3.46734,69.6641
-0.100581,45.0,-3.4508,67.9304
-0.0399003,46.0,-3.51277,66.205
0.0209868,47.0,-3.67275,64.4486
-0.0539238,48.0,-4.02194,62.6122
-0.00619954,49.0,-3.67107,60.6013
0.129507,50.0,-3.85704,58.7657
-0.0411072,51.0,-3.51296,56.8372
0.00744784,52.0,-3.92313,55.0807
0.122797,53.0,-4.52449,53.1192
0.0755506,54.0,-4.40026,50.8569
0.0771806,55.0,-4.47406,48.6568
0.151859,56.0,-4.2591,46.4198
0.259445,57.0,-3.93859,44.2902
0.154022,58.0,-3.75891,42.3209
0.181463,59.0,-3.33777,40.4415
0.112763,60.0,-3.28309,38.7726
0.0284402,61.0,-3.23523,37.131
0.0136726,62.0,-2.96019,35.5134
0.0503145,63.0,-2.69498,34.0333
0.00886476,64.0,-2.81103,32.6858
0.0490394,65.0,-2.70986,31.2803
0.228109,66.0,-2.74111,29.9254
0.0606149,67.0,-2.57958,28.5548
0.168894,68.0,-2.56268,27.2651
-0.00810403,69.0,-2.12624,25.9837
0.0933213,70.0,-1.94846,24.9206
0.0433024,71.0,-1.94609,23.9464
-0.0024085,72.0,-1.99116,22.9733
0.103597,73.0,-2.21037,21.9777
0.20047,74.0,-2.52143,20.8726
0.231883,75.0,-2.07945,19.6118
0.202615,76.0,-2.02116,18.5721
0.149867,77.0,-2.01205,17.5615
0.291609,78.0,-2.1249,16.5555
0.175529,79.0,-1.94591,15.4931
0.24115,80.0,-2.11475,14.5201
0.242898,81.0,-2.19124,13.4627
0.248295,82.0,-1.92194,12.3671
0.117486,83.0,-1.87829,11.4061
0.340961,84.0,-1.77204,10.467
0.30509,85.0,-1.64381,9.58098
0.309467,86.0,-1.68873,8.75907
0.336815,87.0,-1.39068,7.91471
0.313898,88.0,-1.1475,7.21937
0.410839,89.0,-1.33186,6.64562
0.549124,90.0,-1.19887,5.97969
0.436297,91.0,-0.965809,5.38025
0.511322,92.0,-0.669295,4.89735
0.425683,93.0,-0.417971,4.5627
0.317238,94.0,-0.327897,4.35371
0.418706,95.0,-0.194359,4.18977
0.422646,96.0,0.0240013,4.09259
0.450074,97.0,0.193324,4.10459
0.0018729,98.0,0.323709,4.20125
0.00633061,99.0,0.230536,4.3631
0.272878,0.0,-1.25472,-46.8346
0.196972,1.0,-0.725416,-47.462
0.278068,2.0,-0.67042,-47.8247
0.237556,3.0,-0.347992,-48.1599
0.317364,4.0,-0.56789,-48.3339
0.122202,5.0,-0.387468,-48.6178
0.105821,6.0,-0.515486,-48.8116
0.132973,7.0,-0.307476,-49.0693
0.126262,8.0,-0.339785,-49.2231
0.17984,9.0,-0.48201,-49.393
0.215239,10.0,-0.592463,-49.634
0.130762,11.0,-0.559827,-49.9302
0.0775555,12.0,-0.186893,-50.2101
0.33125,13.0,0.00849001,-50.3035
0.156711,14.0,0.120504,-50.2993
0.119954,15.0,0.099018,-50.239
0.274792,16.0,0.590249,-50.1895
0.260776,17.0,0.948906,-49.8944
0.136907,18.0,1.18222,-49.42
0.237707,19.0,1.05904,-48.8289
0.0896469,20.0,1.51838,-48.2993
0.213177,21.0,1.47511,-47.5401
0.235883,22.0,1.53853,-46.8026
0.0442176,23.0,1.6617,-46.0333
0.140122,24.0,1.47228,-45.2025
0.114017,25.0,1.60843,-44.4663
0.0996079,26.0,1.59106,-43.6621
0.0677118,27.0,1.60552,-42.8666
0.246181,28.0,1.52816,-42.0638
0.167091,29.0,1.95201,-41.2998
0.185622,30.0,1.93913,-40.3237
0.014957,31.0,1.94801,-39.3542
0.0177062,32.0,2.09556,-38.3802
0.119817,33.0,2.2877,-37.3324
0.197806,34.0,2.4409,-36.1885
0.0527925,35.0,2.49829,-34.9681
-0.0691465,36.0,2.7687,-33.719
-1.33514e-05,37.0,3.2661,-32.3346
-0.0663807,38.0,3.39153,-30.7016
-0.0279329,39.0,3.86733,-29.0058
0.01583,40.0,3.97441,-27.0721
-0.117011,41.0,3.63075,-25.0849
-0.103397,42.0,3.4367,-23.2695
-0.0404679,43.0,3.30155,-21.5512
-0.028107,44.0,3.24864,-19.9004
-0.0751547,45.0,3.56277,-18.2761
-0.199521,46.0,3.30824,-16.4947
-0.0291136,47.0,3.36064,-14.8406
-0.136175,48.0,3.61875,-13.1603
-0.124242,49.0,3.36538,-11.3509
-0.223705,50.0,3.31665,-9.66821
-0.119592,51.0,3.24594,-8.00988
-0.308785,52.0,3.54871,-6.38691
-0.04534,53.0,3.34847,-4.61256
-0.210913,54.0,3.37795,-2.93832
-0.190136,55.0,3.03822,-1.24935
-0.119035,56.0,2.68848,0.26976
-0.137588,57.0,2.72283,1.614
-0.23285,58.0,2.51475,2.97542
-0.166423,59.0,3.35947,4.23279
-0.286678,60.0,3.79929,5.91253
-0.290341,61.0,3.34811,7.81217
-0.242737,62.0,3.27554,9.48623
-0.264391,63.0,3.30857,11.124
-0.240748,64.0,3.06715,12.7783
-0.260853,65.0,3.00749,14.3118
-0.25145,66.0,2.68965,15.8156
-0.0775185,67.0,2.44916,17.1604
-0.0734311,68.0,2.19401,18.385
-0.358222,69.0,2.51149,19.482
-0.10707,70.0,1.76473,20.7377
-0.133636,71.0,1.62179,21.6201
-0.327642,72.0,1.58279,22.431
-0.181857,73.0,1.25115,23.2224
-0.133322,74.0,1.24936,23.848
-0.229128,75.0,1.32764,24.4727
-0.472149,76.0,1.35821,25.1365
-0.251005,77.0,1.05141,25.8156
-0.323933,78.0,0.6954,26.3413
-0.259601,79.0,0.447164,26.689
-0.0687755,80.0,0.572524,26.9126
-0.283576,81.0,0.796082,27.1988
-0.397999,82.0,0.948246,27.5969
-0.500229,83.0,0.792369,28.071
-0.365089,84.0,0.583423,28.4672
-0.483946,85.0,0.327897,28.7589
-0.408766,86.0,0.377474,28.9228
-0.30554,87.0,0.182172,29.1116
-0.552079,88.0,0.233424,29.2027
-0.380477,89.0,0.00597541,29.3194
-0.39597,90.0,-0.568537,29.3224
-0.433832,91.0,-0.735232,29.0381
-0.305174,92.0,-1.1814,28.6705
-0.406072,93.0,-1.338,28.0798
-0.505442,94.0,-1.7096,27.4108
-0.598786,95.0,-1.99959,26.556
-0.48891,96.0,-2.62938,25.5562
-0.56079,97.0,-3.03824,24.2415
0.000967741,98.0,-2.95637,22.7224
-0.00197864,99.0,-3.2043,21.2442
0.254227,0.0,-0.875979,-36.4479
0.351331,1.0,-0.867487,-36.8859
0.256665,2.0,-0.863999,-37.3196
0.414199,3.0,-0.440204,-37.7516
0.285683,4.0,-0.130775,-37.9717
0.326414,5.0,-0.0114425,-38.0371
0.214728,6.0,0.169579,-38.0429
0.394392,7.0,0.721177,-37.9581
0.175212,8.0,0.878516,-37.5975
0.107955,9.0,0.843187,-37.1582
0.189044,10.0,0.681582,-36.7366
0.330149,11.0,0.601039,-36.3958
0.231268,12.0,0.451618,-36.0953
0.239869,13.0,0.681443,-35.8695
0.309131,14.0,0.918746,-35.5288
0.279201,15.0,1.04564,-35.0694
0.203314,16.0,1.503,-34.5466
0.293072,17.0,1.44194,-33.7951
0.2838,18.0,1.38662,-33.0741
0.341248,19.0,1.35539,-32.3808
0.226103,20.0,1.7267,-31.7031
0.282651,21.0,2.01684,-30.8398
0.200086,22.0,2.10637,-29.8313
0.352885,23.0,2.21865,-28.7782
0.328373,24.0,2.62132,-27.6688
0.182916,25.0,2.86665,-26.3582
0.21925,26.0,2.78536,-24.9248
0.246477,27.0,2.63475,-23.5322
0.234025,28.0,3.11091,-22.2148
0.177655,29.0,3.90226,-20.6593
0.129888,30.0,3.73374,-18.7082
0.140954,31.0,3.29531,-16.8413
0.211891,32.0,3.44883,-15.1937
0.182808,33.0,3.27181,-13.4693
0.103645,34.0,3.6064,-11.8334
0.105469,35.0,3.09542,-10.0302
0.335637,36.0,3.12411,-8.48245
0.29487,37.0,3.26395,-6.92039
0.24148,38.0,3.25303,-5.28841
0.315423,39.0,3.09446,-3.6619
0.0698681,40.0,3.49507,-2.11467
0.111617,41.0,3.43587,-0.367131
0.23811,42.0,3.77025,1.3508
0.163442,43.0,3.61813,3.23593
0.307546,44.0,3.47535,5.04499
0.295457,45.0,3.45256,6.78267
0.131281,46.0,3.62688,8.50895
0.244626,47.0,3.38993,10.3224
0.163728,48.0,3.98455,12.0174
0.0824791,49.0,4.1742,14.0096
0.123141,50.0,4.29049,16.0967
0.0931844,51.0,4.30538,18.242
0.0876108,52.0,4.06505,20.3947
0.108392,53.0,3.85477,22.4272
0.104484,54.0,3.70148,24.3546
0.151356,55.0,3.60765,26.2053
0.104264,56.0,4.10156,28.0091
0.12354,57.0,3.83776,30.0599
0.0130427,58.0,3.82365,31.9788
0.000561357,59.0,3.80725,33.8906
0.0116994,60.0,3.48203,35.7942
0.0916336,61.0,3.69338,37.5353
-0.0212911,62.0,3.9157,39.382
-0.0278875,63.0,3.8457,41.3398
0.0352716,64.0,3.87995,43.2626
-0.124345,65.0,4.08756,45.2026
-0.107191,66.0,3.98892,47.2464
-0.167877,67.0,4.35127,49.2409
-0.254538,68.0,4.2445,51.4165
-0.101455,69.0,3.96729,53.5388
-0.329837,70.0,3.97744,55.5224
-0.292949,71.0,3.99667,57.5111
-0.216048,72.0,4.14072,59.5095
-0.21476,73.0,3.95191,61.5798
-0.389285,74.0,3.93447,63.5558
-0.235443,75.0,3.4691,65.523
-0.258645,76.0,2.97023,67.2576
-0.361265,77.0,3.1092,68.7427
-0.224337,78.0,3.27846,70.2973
-0.279965,79.0,3.0078,71.9365
-0.257577,80.0,3.23677,73.4404
-0.362038,81.0,2.89129,75.0588
-0.478138,82.0,2.91927,76.5044
-0.452206,83.0,2.76715,77.9641
-0.391852,84.0,2.39107,79.3476
-0.312597,85.0,2.01531,80.5432
-0.428131,86.0,2.01485,81.5508
-0.38704,87.0,2.02414,82.5582
-0.344357,88.0,1.80557,83.5703
-0.393703,89.0,1.52053,84.4731
-0.481849,90.0,1.67882,85.2334
-0.435592,91.0,1.47009,86.0728
-0.356722,92.0,1.25128,86.8078
-0.598889,93.0,1.17959,87.4335
-0.379405,94.0,1.10358,88.0233
-0.398383,95.0,0.543375,88.575
-0.387563,96.0,0.288718,88.8467
-0.588255,97.0,0.304997,88.9911
0.0174934,98.0,-0.138019,89.1436
-0.0129151,99.0,-0.00693918,89.0746
-0.0428472,0.0,0.62222,35.9133
-0.0712911,1.0,0.403157,36.2244
0.0179336,2.0,0.13372,36.426
0.0132647,3.0,-0.0796865,36.4929
-0.0769857,4.0,-0.09374,36.453
0.0226324,5.0,-0.374247,36.4062
-0.0457348,6.0,-0.410693,36.219
-0.0648824,7.0,-0.563194,36.0137
-0.108379,8.0,-0.500663,35.7321
-0.0468692,9.0,-0.340724,35.4818
0.0289981,10.0,-0.235991,35.3114
0.0848527,11.0,-0.0271206,35.1934
-0.0451399,12.0,0.00140859,35.1799
-0.0327615,13.0,0.171022,35.1806
-0.0571275,14.0,0.138353,35.2661
-0.0620916,15.0,0.121219,35.3352
-0.145097,16.0,0.0946174,35.3959
0.00808334,17.0,0.227162,35.4432
-0.0571862,18.0,0.363029,35.5567
-0.107403,19.0,0.106215,35.7383
0.0294067,20.0,0.390859,35.7914
0.0070219,21.0,0.412006,35.9868
-0.0263112,22.0,0.408178,36.1928
-0.17788,23.0,0.386728,36.3969
-0.146687,24.0,0.0758124,36.5903
-0.153053,25.0,0.411875,36.6282
-0.153262,26.0,0.154718,36.8341
-0.0489807,27.0,0.0935458,36.9115
-0.0269696,28.0,0.192159,36.9582
-0.178428,29.0,0.30759,37.0543
-0.025031,30.0,-0.0671789,37.2081
-0.0701482,31.0,0.193355,37.1745
-0.155745,32.0,0.305954,37.2712
-0.173796,33.0,0.408532,37.4242
-0.0512069,34.0,0.00995389,37.6284
-0.0510854,35.0,-0.268968,37.6334
-0.0649549,36.0,-0.242015,37.4989
-0.0210745,37.0,-0.595809,37.3779
0.0812827,38.0,-0.447995,37.08
0.0135159,39.0,-0.318844,36.856
-0.0872912,40.0,-0.43899,36.6966
-0.00237447,41.0,-0.722717,36.4771
-0.0423545,42.0,-0.520327,36.1157
0.0407547,43.0,-0.572238,35.8556
0.00816011,44.0,-0.809727,35.5695
0.0454465,45.0,-1.00384,35.1646
0.0790142,46.0,-1.12287,34.6627
-0.159908,47.0,-0.517235,34.1012
-0.160415,48.0,-0.14225,33.8426
-0.0318269,49.0,-0.0205352,33.7715
-0.0929838,50.0,0.158433,33.7612
-0.073323,51.0,0.217495,33.8404
0.0341426,52.0,0.0143952,33.9492
-0.112961,53.0,0.0499091,33.9564
-0.0248446,54.0,-0.0105224,33.9813
-0.145527,55.0,0.000330031,33.9761
-0.0606979,56.0,0.129787,33.9763
-0.0556579,57.0,-0.0246652,34.0411
-0.106241,58.0,-0.163634,34.0288
-0.121869,59.0,-0.322967,33.947
0.00746274,60.0,-0.606573,33.7855
-0.241005,61.0,-0.364434,33.4822
-0.106465,62.0,-0.387145,33.3
0.0458566,63.0,-0.286082,33.1064
-0.166036,64.0,-0.233478,32.9634
0.00523329,65.0,-0.631776,32.8467
-0.0267964,66.0,-0.773097,32.5308
-0.0942184,67.0,-0.773784,32.1442
-0.0928478,68.0,-0.548507,31.7573
0.0140964,69.0,-0.933807,31.4831
-0.0231904,70.0,-1.19556,31.0162
-0.0347015,71.0,-1.16089,30.4184
0.0529156,72.0,-1.09791,29.8379
-0.0195935,73.0,-1.05079,29.289
0.0276617,74.0,-1.31235,28.7636
0.148556,75.0,-1.35006,28.1074
0.0119764,76.0,-1.35474,27.4324
0.0135338,77.0,-1.42984,26.755
0.181706,78.0,-1.72182,26.0401
0.194499,79.0,-1.86604,25.1792
0.33244,80.0,-2.25067,24.2462
0.277188,81.0,-1.97274,23.1208
0.264551,82.0,-1.89363,22.1345
0.136708,83.0,-1.51943,21.1877
0.363169,84.0,-1.42724,20.4279
0.2085,85.0,-0.613657,19.7143
0.406371,86.0,-0.803227,19.4075
0.283004,87.0,-0.800135,19.0059
0.347246,88.0,-0.403366,18.6058
0.166445,89.0,0.0268925,18.4041
0.37766,90.0,-0.413176,18.4176
0.146656,91.0,0.0600265,18.211
0.222604,92.0,0.115929,18.241
0.0785403,93.0,0.246061,18.299
0.0375348,94.0,0.0695795,18.422
0.420993,95.0,-0.160188,18.4568
0.511876,96.0,-0.101232,18.3767
0.412317,97.0,-0.125424,18.3261
0.00254548,98.0,0.065162,18.2634
-0.00149363,99.0,-0.638255,18.2959
-0.122026,0.0,0.756502,12.4824
0.00282824,1.0,0.231356,12.8606
-0.122644,2.0,0.1662,12.9763
-0.062994,3.0,0.0674915,13.0594
-0.0537211,4.0,0.17746,13.0931
-0.0174395,5.0,0.203126,13.1819
0.00250292,6.0,0.419034,13.2834
0.0116624,7.0,0.0928721,13.4929
-0.0704135,8.0,0.320019,13.5394
0.0587273,9.0,0.323681,13.6994
-0.0890026,10.0,0.400333,13.8612
-0.134931,11.0,0.257785,14.0614
-0.11205,12.0,-0.0798209,14.1903
-0.031702,13.0,-0.275796,14.1504
0.0812644,14.0,0.312087,14.0125
-0.07609,15.0,0.746842,14.1685
-0.049392,16.0,0.872433,14.542
-0.0289819,17.0,0.965867,14.9782
-0.238523,18.0,1.63189,15.4611
-0.127503,19.0,1.66754,16.277
-0.208121,20.0,1.41471,17.1108
-0.0456719,21.0,1.36514,17.8182
-0.13829,22.0,1.34518,18.5007
-0.13909,23.0,1.07603,19.1733
-0.0307022,24.0,0.656636,19.7113
-0.0116641,25.0,0.534658,20.0397
-0.125419,26.0,0.256937,20.307
-0.151797,27.0,0.214105,20.4355
-0.0914429,28.0,-0.289851,20.5425
0.0319934,29.0,-0.243113,20.3976
0.0365874,30.0,-0.309184,20.276
-0.0502636,31.0,-0.11653,20.1214
-0.0232777,32.0,-0.46407,20.0632
0.0515572,33.0,-0.438327,19.8311
-0.0769317,34.0,-0.459376,19.612
-0.0479527,35.0,-0.463021,19.3823
0.020794,36.0,-0.427831,19.1508
-0.151177,37.0,-0.454482,18.9369
-0.0876437,38.0,-0.59181,18.7096
0.0554601,39.0,-0.814035,18.4137
0.0191641,40.0,-1.01372,18.0067
-0.0683646,41.0,-1.0452,17.4998
0.0426029,42.0,-1.06897,16.9772
0.105933,43.0,-1.07693,16.4428
0.110769,44.0,-0.98366,15.9043
-0.123577,45.0,-0.491896,15.4125
0.121976,46.0,-0.772042,15.1665
-0.0276089,47.0,-0.640547,14.7805
-0.157819,48.0,-0.134245,14.4602
-0.0228176,49.0,-0.403958,14.3931
0.0806562,50.0,-0.41459,14.1911
0.0757608,51.0,-0.531192,13.9838
-0.0609345,52.0,-0.478531,13.7182
-0.0573717,53.0,-0.538336,13.479
-0.0300694,54.0,-0.643707,13.2098
0.0128015,55.0,-0.750727,12.8879
-0.0944685,56.0,-0.537027,12.5126
0.029524,57.0,-0.316145,12.2441
-0.062489,58.0,-0.234557,12.086
0.0886097,59.0,-0.298279,11.9687
-0.104783,60.0,-0.0205768,11.8196
-0.0788431,61.0,-0.0817414,11.8093
-0.0602071,62.0,-0.021134,11.7684
-0.0732635,63.0,0.100908,11.7579
-0.229061,64.0,0.369133,11.8083
-0.0178344,65.0,0.0571054,11.9929
-0.0395314,66.0,-0.125189,12.0214
-0.115447,67.0,0.342749,11.9588
-0.179657,68.0,0.192047,12.1302
-0.0800635,69.0,-0.263131,12.2262
-0.119138,70.0,-0.201709,12.0947
0.0464827,71.0,-0.45593,11.9938
-0.107815,72.0,-0.260989,11.7658
-0.149527,73.0,0.0360682,11.6353
-0.0587081,74.0,-0.587996,11.6534
-0.0627776,75.0,-0.179137,11.3594
-0.170355,76.0,-0.235584,11.2698
-0.0451347,77.0,-0.326403,11.152
-0.0572319,78.0,0.0415387,10.9888
-0.271542,79.0,0.111259,11.0096
-0.341944,80.0,-0.00107863,11.0652
-0.194919,81.0,-0.00570823,11.0647
-0.336835,82.0,0.141276,11.0618
-0.314456,83.0,-0.22681,11.1325
-0.113661,84.0,-0.519062,11.0191
-0.372939,85.0,-0.619573,10.7595
0.000426292,86.0,-1.23117,10.4497
-0.038243,87.0,-0.796598,9.83416
-0.242706,88.0,-0.664614,9.43586
-0.140144,89.0,-0.846753,9.10355
-0.474032,90.0,-0.503997,8.68017
-0.340983,91.0,-0.680269,8.42817
-0.205902,92.0,-0.977785,8.08804
-0.0205085,93.0,-1.1777,7.59915
-0.0949373,94.0,-1.31695,7.0103
0.162118,95.0,-1.37617,6.35182
0.144152,96.0,-1.19797,5.66374
0.0820364,97.0,-0.890925,5.06475
7.98702e-06,98.0,-0.426106,4.61929
-0.00192654,99.0,-0.580634,4.40624
0.336251,0.0,0.938164,-125.543
0.3329,1.0,1.2596,-125.074
0.274979,2.0,1.46699,-124.444
0.317576,3.0,1.53482,-123.71
0.160824,4.0,1.53725,-122.943
0.395446,5.0,1.69786,-122.174
0.158161,6.0,1.54268,-121.325
0.229489,7.0,1.79009,-120.554
0.29594,8.0,1.88739,-119.659
0.21216,9.0,1.56474,-118.715
0.321456,10.0,1.72047,-117.933
0.176571,11.0,1.85832,-117.073
0.33193,12.0,1.84928,-116.144
0.239714,13.0,1.73549,-115.219
0.340899,14.0,1.33512,-114.351
0.406844,15.0,1.66359,-113.684
0.281178,16.0,1.69699,-112.852
0.245941,17.0,1.94161,-112.003
0.199303,18.0,2.19285,-111.033
0.348226,19.0,2.19584,-109.936
0.345287,20.0,2.41324,-108.838
0.182352,21.0,2.57882,-107.632
0.246801,22.0,2.53666,-106.342
0.361069,23.0,2.87197,-105.074
0.289774,24.0,2.90632,-103.638
0.375284,25.0,3.07477,-102.185
0.265222,26.0,3.1633,-100.647
0.357016,27.0,2.98565,-99.0656
0.370343,28.0,3.18335,-97.5728
0.257665,29.0,3.52882,-95.9811
0.310301,30.0,3.81464,-94.2167
0.150923,31.0,3.9279,-92.3094
0.127167,32.0,3.94985,-90.3454
0.256189,33.0,3.98119,-88.3705
0.171657,34.0,4.18902,-86.3799
0.216613,35.0,4.58412,-84.2854
0.22899,36.0,4.96006,-81.9933
0.106645,37.0,5.27934,-79.5133
0.00389957,38.0,5.46518,-76.8736
-0.0687302,39.0,5.71866,-74.1411
-0.0171264,40.0,5.83482,-71.2817
-0.0878557,41.0,5.66277,-68.3643
0.0619406,42.0,5.55557,-65.5329
0.00944316,43.0,5.47403,-62.7551
-0.045078,44.0,5.59271,-60.0181
-0.183192,45.0,5.90801,-57.2218
-0.0421245,46.0,5.71814,-54.2678
-0.0858542,47.0,5.64699,-51.4087
-0.131979,48.0,5.26653,-48.5852
0.0145903,49.0,5.07593,-45.9519
-0.0400165,50.0,5.43672,-43.414
-0.203853,51.0,5.37886,-40.6956
-0.0645388,52.0,5.1208,-38.0062
-0.0940086,53.0,4.78755,-35.4458
-0.0871298,54.0,4.43528,-33.052
-0.0844228,55.0,4.46393,-30.8344
-0.0989068,56.0,4.14596,-28.6024
0.0348761,57.0,4.02726,-26.5294
-0.184019,58.0,4.22763,-24.5158
0.0151452,59.0,3.79399,-22.402
-0.0246154,60.0,3.85842,-20.505
-0.189951,61.0,4.02367,-18.5758
-0.0744415,62.0,4.1669,-16.5639
-0.264718,63.0,3.95793,-14.4805
-0.022251,64.0,3.66868,-12.5015
-0.124206,65.0,3.40131,-10.6672
-0.0388412,66.0,3.25991,-8.96652
-0.0373936,67.0,3.05779,-7.33656
-0.0342454,68.0,3.11806,-5.80767
-0.0626305,69.0,3.07051,-4.24864
0.113083,70.0,2.78693,-2.71338
-0.101373,71.0,3.00934,-1.31992
-0.191871,72.0,2.80336,0.184753
-0.0125107,73.0,2.58405,1.58643
-0.10287,74.0,2.56536,2.87846
-0.144594,75.0,2.73063,4.16114
-0.15694,76.0,2.65453,5.52645
-0.21264,77.0,2.3446,6.85372
-0.114059,78.0,1.99239,8.02602
0.190224,79.0,1.25189,9.02221
0.169784,80.0,1.11389,9.64816
0.183363,81.0,0.84802,10.2051
0.366489,82.0,0.432369,10.6291
0.354433,83.0,0.462903,10.8453
0.339951,84.0,0.669466,11.0767
0.302159,85.0,0.913326,11.4115
0.140546,86.0,0.843719,11.8681
0.29145,87.0,1.1143,12.29
0.332456,88.0,1.15523,12.8472
0.139224,89.0,1.37497,13.4248
0.300465,90.0,1.36321,14.1123
0.228052,91.0,1.43841,14.7939
0.18795,92.0,1.43181,15.5131
-0.0518574,93.0,1.65116,16.229
-0.162225,94.0,1.6827,17.0546
-0.0661426,95.0,1.4306,17.8959
-0.199712,96.0,1.22422,18.6112
-0.324915,97.0,1.38312,19.2233
-0.00060761,98.0,1.34678,19.9149
-0.000914454,99.0,1.27218,20.5883
0.140251,0.0,0.514371,-45.4228
0.214608,1.0,0.672763,-45.1656
0.0897486,2.0,1.05219,-44.8292
0.122626,3.0,1.21188,-44.3031
0.100749,4.0,0.950214,-43.6972
0.0644619,5.0,0.617637,-43.2221
-0.0404599,6.0,0.0969547,-42.9133
0.134426,7.0,0.242687,-42.8648
0.187813,8.0,0.234298,-42.7434
0.235651,9.0,0.75199,-42.6263
0.232558,10.0,1.17768,-42.2503
0.155477,11.0,1.23845,-41.6615
0.0226196,12.0,1.39204,-41.0422
0.122177,13.0,1.57925,-40.3462
0.099077,14.0,1.50425,-39.5566
0.216346,15.0,1.19103,-38.8045
-0.0103164,16.0,1.41749,-38.2089
0.0351726,17.0,1.6233,-37.5002
0.182875,18.0,1.37485,-36.6886
0.160377,19.0,1.1169,-36.0011
0.0328325,20.0,1.09547,-35.4427
0.221808,21.0,0.337906,-34.8949
0.033793,22.0,0.476072,-34.726
0.207112,23.0,0.262835,-34.4879
0.111934,24.0,0.812609,-34.3565
0.230393,25.0,0.99984,-33.9502
0.0519855,26.0,1.55348,-33.4503
0.116291,27.0,1.31748,-32.6736
0.122759,28.0,1.13873,-32.0148
0.157802,29.0,1.02616,-31.4455
0.0198674,30.0,0.808178,-30.9324
0.130573,31.0,0.201886,-30.5283
0.228779,32.0,0.202906,-30.4274
0.298641,33.0,0.732048,-30.3259
0.199874,34.0,0.996748,-29.9599
0.0192469,35.0,0.834166,-29.4615
0.129563,36.0,0.736657,-29.0444
0.215279,37.0,0.408948,-28.6761
0.294382,38.0,0.934957,-28.4716
0.267588,39.0,0.938721,-28.0041
0.0999875,40.0,0.788771,-27.5348
0.0815772,41.0,0.923572,-27.1404
0.206716,42.0,0.68766,-26.6786
0.196895,43.0,0.556152,-26.3348
0.279157,44.0,0.761852,-26.0567
0.28651,45.0,1.32372,-25.6758
0.191694,46.0,1.43322,-25.0139
0.198151,47.0,1.32522,-24.2973
0.262248,48.0,1.35531,-23.6347
0.0710248,49.0,1.26109,-22.957
0.2506,50.0,1.10184,-22.3265
0.0494149,51.0,1.0092,-21.7756
0.400429,52.0,0.762569,-21.271
0.101719,53.0,0.985046,-20.8897
0.183314,54.0,1.33841,-20.3972
0.300187,55.0,1.29852,-19.728
0.0793566,56.0,1.47552,-19.0787
0.0953416,57.0,1.54141,-18.3409
0.247374,58.0,1.77301,-17.5702
0.20525,59.0,2.07858,-16.6837
0.305587,60.0,2.19501,-15.6444
0.218416,61.0,1.93012,-14.5469
0.170578,62.0,2.01778,-13.5819
0.0934483,63.0,1.93431,-12.573
0.168256,64.0,2.14062,-11.6058
0.310032,65.0,2.07234,-10.5355
0.285142,66.0,2.18938,-9.49936
0.260481,67.0,2.40746,-8.40467
-0.091231,68.0,2.76979,-7.20094
0.00950241,69.0,2.49988,-5.81604
0.11554,70.0,2.69265,-4.5661
0.124506,71.0,2.93855,-3.21978
-0.0906357,72.0,3.32371,-1.7505
-0.0815318,73.0,2.9281,-0.088649
-0.163755,74.0,2.79472,1.3754
0.00119936,75.0,2.53902,2.77276
-0.163193,76.0,2.94415,4.04227
-0.157506,77.0,3.04421,5.51435
-0.234932,78.0,2.84886,7.03646
-0.311497,79.0,2.54122,8.46088
-0.215304,80.0,2.49927,9.73149
-0.241381,81.0,2.24817,10.9811
-0.3421,82.0,2.23241,12.1052
-0.270172,83.0,2.01093,13.2214
0.0130506,84.0,2.00274,14.2269
-0.136682,85.0,1.79145,15.2283
-0.155817,86.0,1.70952,16.124
-0.351034,87.0,1.85754,16.9787
-0.0778166,88.0,1.78216,17.9075
-0.36147,89.0,1.55254,18.7986
-0.25442,90.0,1.1873,19.5749
-0.184564,91.0,0.625419,20.1685
-0.354749,92.0,0.780638,20.4812
-0.443622,93.0,0.577331,20.8715
-0.127029,94.0,0.193419,21.1602
-0.491247,95.0,0.313055,21.2569
-0.325821,96.0,-0.00993902,21.4135
-0.416029,97.0,-0.318538,21.4085
0.00180745,98.0,-0.684776,21.2492
-0.00131673,99.0,-0.550867,20.9068
