states: t,states: v,states: x
1.0,-2.33652,52.1831
2.0,-2.81963,51.0149
3.0,-3.02241,49.605
4.0,-3.00259,48.0938
5.0,-2.95049,46.5925
6.0,-2.67542,45.1173
7.0,-2.71456,43.7796
8.0,-3.14875,42.4223
9.0,-3.3414,40.8479
10.0,-3.46906,39.1772
11.0,-3.35258,37.4427
12.0,-3.22975,35.7664
13.0,-3.27611,34.1515
14.0,-3.16208,32.5135
15.0,-2.83555,30.9324
16.0,-2.57756,29.5147
17.0,-2.74292,28.2259
18.0,-2.49831,26.8544
19.0,-2.57485,25.6053
20.0,-2.72361,24.3178
21.0,-2.38824,22.956
22.0,-2.22586,21.7619
23.0,-2.26657,20.649
24.0,-1.93108,19.5157
25.0,-1.79818,18.5502
26.0,-2.3044,17.6511
27.0,-1.96927,16.4989
28.0,-1.57153,15.5142
29.0,-1.7458,14.7285
30.0,-1.42745,13.8556
31.0,-1.87499,13.1419
32.0,-1.65582,12.2044
33.0,-1.24888,11.3765
34.0,-1.90554,10.752
35.0,-1.86726,9.79925
36.0,-2.36484,8.86562
37.0,-2.25214,7.6832
38.0,-2.50253,6.55713
39.0,-2.10051,5.30586
40.0,-2.12966,4.25561
41.0,-1.87036,3.19078
42.0,-2.02265,2.2556
43.0,-2.47365,1.24428
44.0,-2.58672,0.0074563
45.0,-2.84235,-1.28591
46.0,-2.91359,-2.70708
47.0,-2.86756,-4.16388
48.0,-2.85217,-5.59766
49.0,-2.32355,-7.02374
50.0,-1.87325,-8.18552
51.0,-2.03716,-9.12214
52.0,-1.9104,-10.1407
53.0,-1.71755,-11.0959
54.0,-1.91012,-11.9547
55.0,-1.7525,-12.9097
56.0,-1.79706,-13.786
57.0,-1.54938,-14.6845
58.0,-1.6318,-15.4592
59.0,-1.70674,-16.2751
60.0,-1.30589,-17.1285
61.0,-1.15676,-17.7814
62.0,-0.766618,-18.3598
63.0,-0.857162,-18.7431
64.0,-0.92699,-19.1717
65.0,-1.06773,-19.6352
66.0,-0.72735,-20.1691
67.0,-0.436567,-20.5327
68.0,-0.228428,-20.751
69.0,-0.362818,-20.8652
70.0,-0.602453,-21.0467
71.0,-0.966341,-21.3479
72.0,-1.01543,-21.831
73.0,-0.896946,-22.3388
74.0,-0.507548,-22.7872
75.0,-0.232887,-23.041
76.0,-0.287217,-23.1575
77.0,-0.230528,-23.3011
78.0,0.107809,-23.4163
79.0,0.00901565,-23.3624
80.0,-0.181749,-23.3579
81.0,0.324105,-23.4488
82.0,0.28117,-23.2867
83.0,0.393552,-23.1462
84.0,0.473164,-22.9494
85.0,0.79112,-22.7128
86.0,0.526933,-22.3172
87.0,0.934395,-22.0538
88.0,1.19579,-21.5866
89.0,1.31979,-20.9887
90.0,1.36986,-20.3288
91.0,1.88596,-19.6439
92.0,2.16422,-18.7009
93.0,2.54735,-17.6188
94.0,2.35712,-16.3451
95.0,2.54584,-15.1665
96.0,2.89051,-13.8936
97.0,2.6873,-12.4484
98.0,3.02518,-11.1047
99.0,3.05032,-9.59212
100.0,2.46397,-8.06697
1.0,0.301451,83.2612
2.0,0.293547,83.4119
3.0,0.201121,83.5587
4.0,0.08662,83.6592
5.0,-0.036253,83.7025
6.0,-0.222163,83.6844
7.0,-0.50309,83.5733
8.0,-0.537671,83.3218
9.0,-0.523999,83.0529
10.0,-0.935168,82.7909
11.0,-1.06016,82.3234
12.0,-1.0979,81.7933
13.0,-1.17869,81.2443
14.0,-1.1543,80.655
15.0,-0.759967,80.0778
16.0,-0.691467,79.6979
17.0,-0.64895,79.3521
18.0,-0.49935,79.0276
19.0,-0.740843,78.778
20.0,-1.19297,78.4075
21.0,-1.27225,77.8111
22.0,-1.5848,77.1749
23.0,-2.11551,76.3825
24.0,-2.04243,75.3248
25.0,-1.78399,74.3036
26.0,-2.13129,73.4116
27.0,-1.92808,72.3459
28.0,-1.95335,71.3819
29.0,-1.75576,70.4052
30.0,-1.79086,69.5273
31.0,-2.02716,68.6319
32.0,-2.1967,67.6183
33.0,-2.1609,66.52
34.0,-2.35649,65.4395
35.0,-2.34548,64.2613
36.0,-2.15922,63.0885
37.0,-2.35435,62.0089
38.0,-2.7681,60.8317
39.0,-2.67294,59.4477
40.0,-2.70909,58.1112
41.0,-2.45444,56.7567
42.0,-2.72898,55.5295
43.0,-2.57711,54.165
44.0,-2.66227,52.8764
45.0,-2.45868,51.5453
46.0,-2.41518,50.3159
47.0,-2.34848,49.1083
48.0,-2.18286,47.9341
49.0,-2.44907,46.8427
50.0,-2.7469,45.6181
51.0,-3.26783,44.2447
52.0,-3.0738,42.6108
53.0,-3.20471,41.0739
54.0,-2.86213,39.4715
55.0,-2.71324,38.0405
56.0,-3.22593,36.6838
57.0,-3.54815,35.0709
58.0,-3.10274,33.2968
59.0,-3.71565,31.7454
60.0,-3.4198,29.8876
61.0,-3.71632,28.1777
62.0,-3.42085,26.3195
63.0,-3.05603,24.6091
64.0,-3.02373,23.0811
65.0,-3.14557,21.5693
66.0,-2.93113,19.9965
67.0,-3.09282,18.5309
68.0,-2.9949,16.9845
69.0,-3.01228,15.487
70.0,-3.00455,13.9809
71.0,-3.3405,12.4786
72.0,-3.18103,10.8084
73.0,-2.63983,9.21786
74.0,-2.90383,7.89795
75.0,-2.83619,6.44603
76.0,-2.35199,5.02794
77.0,-2.18912,3.85194
78.0,-1.98444,2.75738
79.0,-1.66348,1.76516
80.0,-1.69434,0.933417
81.0,-1.68167,0.0862464
82.0,-1.59669,-0.75459
83.0,-1.46699,-1.55294
84.0,-1.26705,-2.28643
85.0,-0.696606,-2.91996
86.0,-0.717923,-3.26826
87.0,-0.635169,-3.62722
88.0,-0.514992,-3.94481
89.0,-0.258194,-4.2023
90.0,-0.402609,-4.3314
91.0,-0.515605,-4.5327
92.0,-0.391423,-4.79051
93.0,-0.502379,-4.98622
94.0,-0.295139,-5.23741
95.0,-0.479684,-5.38498
96.0,-0.151045,-5.62482
97.0,-0.101494,-5.70034
98.0,0.225827,-5.75109
99.0,0.390524,-5.63818
100.0,0.769619,-5.44291
1.0,0.40146,24.3927
2.0,0.283529,24.5934
3.0,0.0796265,24.7352
4.0,0.0636451,24.775
5.0,0.296839,24.8068
6.0,0.391648,24.9552
7.0,0.263,25.151
8.0,0.345233,25.2825
9.0,0.122285,25.4552
10.0,-0.0799756,25.5163
11.0,-0.122382,25.4763
12.0,-0.0891979,25.4151
13.0,0.0807884,25.3705
14.0,-0.0181846,25.4109
15.0,-0.741003,25.4018
16.0,-0.649799,25.0313
17.0,-0.723465,24.7064
18.0,-0.514494,24.3447
19.0,-0.246702,24.0874
20.0,-0.500336,23.9641
21.0,-0.739558,23.7139
22.0,-0.953637,23.3442
23.0,-1.13568,22.8673
24.0,-1.29986,22.2995
25.0,-1.36177,21.6496
26.0,-1.21691,20.9687
27.0,-1.21753,20.3602
28.0,-0.989124,19.7515
29.0,-0.964719,19.2569
30.0,-1.23792,18.7745
31.0,-0.888703,18.1556
32.0,-1.40643,17.7112
33.0,-1.28194,17.008
34.0,-0.966959,16.367
35.0,-1.21993,15.8836
36.0,-1.00545,15.2736
37.0,-1.0327,14.7709
38.0,-0.793069,14.2545
39.0,-0.504406,13.858
40.0,-0.592066,13.6058
41.0,-0.846944,13.3098
42.0,-0.757518,12.8863
43.0,-0.722785,12.5075
44.0,-0.495821,12.1461
45.0,-0.321964,11.8982
46.0,-0.602585,11.7372
47.0,-0.466579,11.4359
48.0,-0.349717,11.2027
49.0,-0.148698,11.0278
50.0,-0.159935,10.9534
51.0,-0.0540264,10.8735
52.0,0.113127,10.8465
53.0,0.199657,10.903
54.0,0.0854515,11.0029
55.0,0.148526,11.0456
56.0,0.215834,11.1198
57.0,0.323504,11.2278
58.0,0.468575,11.3895
59.0,0.565718,11.6238
60.0,0.699516,11.9067
61.0,0.714056,12.2564
62.0,0.462535,12.6134
63.0,0.63776,12.8447
64.0,0.517434,13.1636
65.0,0.461742,13.4223
66.0,0.588334,13.6532
67.0,0.42911,13.9474
68.0,0.481665,14.1619
69.0,0.536934,14.4027
70.0,0.599456,14.6712
71.0,0.378154,14.9709
72.0,0.571923,15.16
73.0,0.687233,15.446
74.0,0.888547,15.7896
75.0,0.77609,16.2339
76.0,0.790545,16.6219
77.0,0.576454,17.0172
78.0,0.832945,17.3054
79.0,0.874408,17.7219
80.0,0.404887,18.1591
81.0,0.121914,18.3615
82.0,0.110819,18.4225
83.0,0.595882,18.4779
84.0,0.757651,18.7758
85.0,0.857811,19.1547
86.0,1.03582,19.5836
87.0,1.10634,20.1015
88.0,1.37577,20.6546
89.0,1.18719,21.3425
90.0,1.13289,21.9361
91.0,1.46698,22.5026
92.0,1.25793,23.2361
93.0,1.32535,23.865
94.0,1.21697,24.5277
95.0,1.02896,25.1362
96.0,0.85202,25.6507
97.0,0.531626,26.0767
98.0,0.263833,26.3425
99.0,-0.0807704,26.4744
100.0,-0.0146166,26.434
1.0,-0.446952,39.4947
2.0,-0.0840062,39.2712
3.0,0.191674,39.2292
4.0,0.11641,39.3251
5.0,0.197615,39.3833
6.0,-0.0133475,39.4821
7.0,0.319696,39.4754
8.0,0.515707,39.6353
9.0,0.308373,39.8931
10.0,0.526124,40.0473
11.0,1.04045,40.3104
12.0,1.17555,40.8306
13.0,1.21334,41.4184
14.0,1.2255,42.025
15.0,0.841966,42.6378
16.0,0.633376,43.0588
17.0,0.490646,43.3754
18.0,0.536945,43.6208
19.0,0.477281,43.8892
20.0,0.336688,44.1279
21.0,0.369684,44.2962
22.0,0.223421,44.4811
23.0,0.0799785,44.5928
24.0,-0.12134,44.6328
25.0,-0.246795,44.5721
26.0,-0.118503,44.4487
27.0,-0.0752543,44.3894
28.0,0.126048,44.3518
29.0,-0.128022,44.4148
30.0,-0.249597,44.3508
31.0,-0.0673951,44.226
32.0,-0.278706,44.1923
33.0,-0.255567,44.053
34.0,-0.369459,43.9252
35.0,0.0136455,43.7405
36.0,0.268843,43.7473
37.0,0.124517,43.8817
38.0,0.598073,43.944
39.0,0.395097,44.243
40.0,0.351924,44.4406
41.0,0.421576,44.6165
42.0,0.0196522,44.8273
43.0,-0.178411,44.8371
44.0,0.145931,44.7479
45.0,0.467895,44.8209
46.0,0.0367299,45.0548
47.0,0.213328,45.0732
48.0,0.632435,45.1799
49.0,0.722657,45.4961
50.0,0.441036,45.8574
51.0,0.46772,46.0779
52.0,-0.0528718,46.3118
53.0,0.0706937,46.2853
54.0,0.285144,46.3207
55.0,0.366447,46.4633
56.0,0.109737,46.6465
57.0,-0.0674812,46.7014
58.0,-0.460839,46.6676
59.0,-0.458715,46.4372
60.0,-0.818804,46.2078
61.0,-1.07233,45.7984
62.0,-1.28909,45.2623
63.0,-1.37028,44.6177
64.0,-1.49671,43.9326
65.0,-1.87783,43.1842
66.0,-1.72599,42.2453
67.0,-1.45821,41.3823
68.0,-1.58791,40.6532
69.0,-1.71023,39.8593
70.0,-1.6669,39.0042
71.0,-1.54024,38.1707
72.0,-1.30621,37.4006
73.0,-1.61238,36.7475
74.0,-1.91692,35.9413
75.0,-1.95567,34.9828
76.0,-2.00204,34.005
77.0,-2.06289,33.004
78.0,-1.98086,31.9725
79.0,-1.68653,30.9821
80.0,-1.66116,30.1388
81.0,-1.72133,29.3083
82.0,-1.32776,28.4476
83.0,-1.49785,27.7837
84.0,-1.56561,27.0348
85.0,-1.39862,26.252
86.0,-1.48836,25.5527
87.0,-1.60746,24.8085
88.0,-1.72374,24.0048
89.0,-1.30821,23.1429
90.0,-0.919774,22.4888
91.0,-0.931146,22.0289
92.0,-0.733099,21.5633
93.0,-0.467651,21.1968
94.0,-0.364303,20.9629
95.0,-0.620903,20.7808
96.0,-0.655403,20.4703
97.0,-0.358247,20.1426
98.0,-0.121096,19.9635
99.0,0.0883649,19.903
100.0,0.0033903,19.9472
1.0,0.49765,133.708
2.0,0.189701,133.957
3.0,-0.386959,134.052
4.0,-0.323876,133.858
5.0,-0.521473,133.696
6.0,-0.956233,133.435
7.0,-1.17194,132.957
8.0,-1.69315,132.371
9.0,-1.71415,131.525
10.0,-1.57996,130.668
11.0,-1.08854,129.878
12.0,-1.23986,129.333
13.0,-1.59069,128.714
14.0,-2.02206,127.918
15.0,-2.16137,126.907
16.0,-1.91882,125.826
17.0,-2.44624,124.867
18.0,-2.9933,123.644
19.0,-3.39237,122.147
20.0,-3.74014,120.451
21.0,-3.7541,118.581
22.0,-3.96518,116.704
23.0,-4.31702,114.721
24.0,-4.35927,112.563
25.0,-4.33951,110.383
26.0,-4.65391,108.214
27.0,-4.49354,105.887
28.0,-4.23521,103.64
29.0,-3.83888,101.522
30.0,-3.52658,99.6027
31.0,-3.67408,97.8395
32.0,-4.23704,96.0024
33.0,-4.29067,93.8839
34.0,-4.41222,91.7386
35.0,-4.42927,89.5325
36.0,-4.50065,87.3178
37.0,-4.80699,85.0675
38.0,-4.59824,82.664
39.0,-4.51529,80.3649
40.0,-4.37421,78.1072
41.0,-4.6901,75.9201
42.0,-4.83475,73.5751
43.0,-4.95064,71.1577
44.0,-4.92249,68.6824
45.0,-4.50685,66.2211
46.0,-4.61254,63.9677
47.0,-4.29847,61.6614
48.0,-4.33337,59.5122
49.0,-4.09068,57.3455
50.0,-4.09251,55.3002
51.0,-4.03571,53.2539
52.0,-4.67546,51.2361
53.0,-4.51486,48.8984
54.0,-4.46733,46.6409
55.0,-4.30867,44.4073
56.0,-3.88487,42.2529
57.0,-3.59998,40.3105
58.0,-3.54411,38.5105
59.0,-3.42954,36.7384
60.0,-3.59383,35.0237
61.0,-3.72564,33.2268
62.0,-4.09912,31.3639
63.0,-3.94796,29.3144
64.0,-4.33232,27.3404
65.0,-3.8334,25.1742
66.0,-3.43034,23.2575
67.0,-3.08614,21.5424
68.0,-2.9701,19.9993
69.0,-2.7194,18.5142
70.0,-3.0116,17.1545
71.0,-2.80247,15.6487
72.0,-3.15647,14.2475
73.0,-3.1061,12.6693
74.0,-2.92541,11.1162
75.0,-2.81734,9.65351
76.0,-2.53089,8.24484
77.0,-2.04698,6.9794
78.0,-2.08501,5.95591
79.0,-1.87427,4.9134
80.0,-1.58999,3.97627
81.0,-1.31317,3.18127
82.0,-0.776426,2.52468
83.0,-0.375721,2.13647
84.0,0.0738348,1.94861
85.0,-0.0709922,1.98553
86.0,0.909355,1.95003
87.0,0.782837,2.40471
88.0,1.52254,2.79613
89.0,2.08358,3.5574
90.0,1.9681,4.59919
91.0,2.18673,5.58324
92.0,2.25471,6.6766
93.0,2.48267,7.80396
94.0,2.74316,9.0453
95.0,2.87793,10.4169
96.0,3.17845,11.8558
97.0,3.42767,13.4451
98.0,3.46458,15.1589
99.0,3.35831,16.8912
100.0,3.34259,18.5703
1.0,-0.375113,-98.7856
2.0,-0.0925317,-98.9731
3.0,0.477888,-99.0194
4.0,0.764142,-98.7804
5.0,1.16196,-98.3984
6.0,1.06566,-97.8174
7.0,1.11647,-97.2846
8.0,1.124,-96.7263
9.0,1.19786,-96.1643
10.0,1.00991,-95.5654
11.0,1.17739,-95.0604
12.0,1.10427,-94.4717
13.0,0.983049,-93.9196
14.0,1.03657,-93.4281
15.0,1.21414,-92.9098
16.0,1.42422,-92.3027
17.0,1.8898,-91.5906
18.0,2.04159,-90.6457
19.0,1.98216,-89.6249
20.0,1.91583,-88.6338
21.0,2.00181,-87.6759
22.0,1.88262,-86.675
23.0,1.81391,-85.7337
24.0,2.11224,-84.8268
25.0,1.64259,-83.7706
26.0,1.56291,-82.9493
27.0,1.91566,-82.1679
28.0,1.922,-81.21
29.0,2.27071,-80.249
30.0,2.51753,-79.1137
31.0,2.54257,-77.8549
32.0,2.77974,-76.5836
33.0,2.8128,-75.1938
34.0,2.93234,-73.7874
35.0,3.33921,-72.3212
36.0,3.15167,-70.6516
37.0,3.43387,-69.0758
38.0,3.62225,-67.3588
39.0,3.43544,-65.5477
40.0,3.63314,-63.83
41.0,3.58594,-62.0134
42.0,3.61779,-60.2204
43.0,3.79371,-58.4115
44.0,4.14537,-56.5147
45.0,4.54085,-54.442
46.0,4.30533,-52.1716
47.0,4.29638,-50.0189
48.0,4.20333,-47.8707
49.0,4.55368,-45.7691
50.0,4.5567,-43.4922
51.0,4.89037,-41.2139
52.0,4.69769,-38.7687
53.0,4.45906,-36.4198
54.0,4.66644,-34.1903
55.0,5.12712,-31.8571
56.0,4.76104,-29.2935
57.0,4.90024,-26.913
58.0,4.81186,-24.4629
59.0,4.57782,-22.057
60.0,4.70059,-19.768
61.0,4.64867,-17.4177
62.0,5.06922,-15.0934
63.0,5.1026,-12.5588
64.0,4.76656,-10.0075
65.0,4.35228,-7.62422
66.0,4.13035,-5.44808
67.0,4.36401,-3.3829
68.0,3.98028,-1.2009
69.0,3.42447,0.789245
70.0,3.38865,2.50148
71.0,3.35683,4.19581
72.0,3.32285,5.87422
73.0,3.16602,7.53565
74.0,3.47485,9.11866
75.0,3.43264,10.8561
76.0,3.0205,12.5724
77.0,2.85084,14.0827
78.0,2.82397,15.5081
79.0,3.03868,16.9201
80.0,2.5411,18.4394
81.0,2.31544,19.7099
82.0,2.24181,20.8677
83.0,2.19619,21.9886
84.0,1.84735,23.0867
85.0,1.77708,24.0103
86.0,1.31586,24.8989
87.0,0.846789,25.5568
88.0,0.924217,25.9802
89.0,0.668273,26.4423
90.0,0.457809,26.7765
91.0,0.325865,27.0054
92.0,0.0476145,27.1683
93.0,-0.00264636,27.1921
94.0,-0.32113,27.1908
95.0,-0.813402,27.0302
96.0,-0.915586,26.6235
97.0,-1.13446,26.1657
98.0,-1.73513,25.5985
99.0,-1.59922,24.7309
100.0,-1.58107,23.9313
1.0,-0.0303414,-55.5054
2.0,0.396251,-55.5206
3.0,0.326589,-55.3225
4.0,0.220944,-55.1592
5.0,0.375642,-55.0487
6.0,0.0612544,-54.8609
7.0,0.0110433,-54.8303
8.0,0.46221,-54.8248
9.0,0.479929,-54.5936
10.0,0.444321,-54.3537
11.0,0.176018,-54.1315
12.0,0.113566,-54.0435
13.0,0.118785,-53.9867
14.0,0.383305,-53.9273
15.0,0.510515,-53.7357
16.0,0.664835,-53.4804
17.0,0.628965,-53.148
18.0,0.759338,-52.8335
19.0,1.19128,-52.4539
20.0,1.57758,-51.8582
21.0,1.69271,-51.0694
22.0,2.11487,-50.2231
23.0,2.30235,-49.1656
24.0,2.31366,-48.0145
25.0,2.46387,-46.8576
26.0,2.26052,-45.6257
27.0,2.57714,-44.4954
28.0,2.92914,-43.2069
29.0,2.72622,-41.7423
30.0,2.78465,-40.3792
31.0,2.88592,-38.9869
32.0,2.67818,-37.5439
33.0,2.72596,-36.2048
34.0,2.7107,-34.8418
35.0,2.61714,-33.4865
36.0,2.80696,-32.1779
37.0,2.96808,-30.7744
38.0,3.11404,-29.2904
39.0,3.44745,-27.7334
40.0,3.56815,-26.0097
41.0,3.39497,-24.2256
42.0,3.29287,-22.5281
43.0,3.11912,-20.8817
44.0,3.39559,-19.3221
45.0,3.55989,-17.6243
46.0,3.6594,-15.8444
47.0,3.28741,-14.0147
48.0,3.30564,-12.371
49.0,3.62124,-10.7181
50.0,3.80517,-8.90752
51.0,3.83549,-7.00494
52.0,4.21442,-5.08719
53.0,4.15615,-2.97998
54.0,4.14984,-0.901907
55.0,4.25987,1.17302
56.0,3.75078,3.30295
57.0,3.94091,5.17834
58.0,3.74138,7.14879
59.0,3.72356,9.01948
60.0,3.86914,10.8813
61.0,3.50756,12.8158
62.0,3.11601,14.5696
63.0,3.08617,16.1276
64.0,2.93963,17.6707
65.0,3.12106,19.1405
66.0,3.16497,20.7011
67.0,2.91617,22.2835
68.0,3.05042,23.7416
69.0,3.01837,25.2668
70.0,2.88838,26.776
71.0,2.87838,28.2202
72.0,2.81311,29.6594
73.0,2.95042,31.066
74.0,2.92457,32.5412
75.0,2.83612,34.0034
76.0,2.43552,35.4215
77.0,2.38211,36.6393
78.0,2.66058,37.8303
79.0,2.93209,39.1606
80.0,2.64307,40.6267
81.0,2.43106,41.9482
82.0,2.11381,43.1637
83.0,1.86653,44.2206
84.0,1.80036,45.1539
85.0,2.09864,46.0541
86.0,2.23373,47.1034
87.0,1.95355,48.2202
88.0,1.70225,49.197
89.0,1.50872,50.0481
90.0,1.13664,50.8025
91.0,0.968901,51.3708
92.0,0.693374,51.8553
93.0,0.572352,52.202
94.0,0.315749,52.4881
95.0,0.318089,52.646
96.0,0.00681456,52.8051
97.0,-0.0337294,52.8085
98.0,-0.532431,52.7916
99.0,-0.799512,52.5254
100.0,-0.75391,52.1256
1.0,1.579,-58.8008
2.0,1.86709,-58.0113
3.0,1.48059,-57.0778
4.0,1.18397,-56.3375
5.0,1.29617,-55.7455
6.0,0.819182,-55.0974
7.0,0.824039,-54.6878
8.0,0.928374,-54.2758
9.0,1.46564,-53.8116
10.0,1.58487,-53.0788
11.0,1.73481,-52.2864
12.0,1.93084,-51.4189
13.0,2.00616,-50.4535
14.0,1.741,-49.4504
15.0,1.43361,-48.5799
16.0,1.52287,-47.8631
17.0,1.59641,-47.1017
18.0,1.55381,-46.3035
19.0,1.78634,-45.5266
20.0,1.61014,-44.6334
21.0,1.74921,-43.8284
22.0,2.0203,-42.9538
23.0,1.71157,-41.9436
24.0,1.69389,-41.0878
25.0,1.31348,-40.2409
26.0,1.13535,-39.5841
27.0,1.00057,-39.0165
28.0,0.946311,-38.5162
29.0,1.02457,-38.043
30.0,1.46429,-37.5307
31.0,1.80931,-36.7986
32.0,1.82645,-35.8939
33.0,2.03938,-34.9807
34.0,2.37767,-33.961
35.0,2.31018,-32.7722
36.0,2.27468,-31.6171
37.0,2.58586,-30.4798
38.0,2.39743,-29.1868
39.0,2.28171,-27.9881
40.0,2.30374,-26.8473
41.0,2.41364,-25.6954
42.0,2.5223,-24.4886
43.0,2.39049,-23.2274
44.0,2.40103,-22.0322
45.0,2.83193,-20.8317
46.0,2.86097,-19.4157
47.0,2.57151,-17.9852
48.0,2.72654,-16.6995
49.0,2.6967,-15.3362
50.0,2.23039,-13.9878
51.0,2.39158,-12.8727
52.0,2.39739,-11.6769
53.0,2.25451,-10.4782
54.0,1.85645,-9.35091
55.0,1.92843,-8.42268
56.0,2.0782,-7.45847
57.0,2.41907,-6.41937
58.0,2.17459,-5.20983
59.0,2.41989,-4.12254
60.0,2.27424,-2.91259
61.0,2.13735,-1.77547
62.0,2.41525,-0.706796
63.0,2.66785,0.500831
64.0,2.61032,1.83476
65.0,2.38592,3.13991
66.0,2.46965,4.33287
67.0,2.54486,5.5677
68.0,2.38934,6.84013
69.0,2.5896,8.0348
70.0,2.29967,9.3296
71.0,2.27445,10.4794
72.0,2.19999,11.6167
73.0,1.96451,12.7167
74.0,1.49787,13.6989
75.0,1.30773,14.4478
76.0,1.44413,15.1017
77.0,1.49877,15.8238
78.0,1.44273,16.5732
79.0,1.46951,17.2945
80.0,0.790495,18.0293
81.0,0.664194,18.4245
82.0,0.8982,18.7566
83.0,0.917667,19.2057
84.0,0.597916,19.6646
85.0,0.41866,19.9635
86.0,0.262149,20.1728
87.0,0.144048,20.3039
88.0,0.272354,20.3759
89.0,0.110728,20.5121
90.0,0.126059,20.5675
91.0,-0.00108938,20.6305
92.0,0.199738,20.63
93.0,-0.00442847,20.7298
94.0,-0.443899,20.7276
95.0,-0.36144,20.5057
96.0,-0.182873,20.325
97.0,-0.43661,20.2335
98.0,-0.373634,20.0152
99.0,-0.402803,19.8284
100.0,-0.594347,19.627
1.0,0.552432,36.8924
2.0,0.26015,37.1686
3.0,0.0995407,37.2987
4.0,0.250425,37.3484
5.0,0.275901,37.4737
6.0,-0.112869,37.6116
7.0,0.0390958,37.5552
8.0,0.0320725,37.5747
9.0,-0.385855,37.5908
10.0,-0.182852,37.3978
11.0,-0.400481,37.3064
12.0,-0.605627,37.1062
13.0,-0.317929,36.8034
14.0,-0.349809,36.6444
15.0,-0.661123,36.4695
16.0,-0.663167,36.1389
17.0,-0.523434,35.8073
18.0,-0.0709327,35.5456
19.0,-0.0469725,35.5102
20.0,-0.0837681,35.4867
21.0,0.160889,35.4448
22.0,-0.424504,35.5252
23.0,-0.102128,35.313
24.0,-0.243157,35.2619
25.0,-0.693025,35.1403
26.0,-0.981876,34.7938
27.0,-1.17435,34.3029
28.0,-1.10471,33.7157
29.0,-0.890812,33.1633
30.0,-0.9482,32.7179
31.0,-1.00094,32.2438
32.0,-0.957611,31.7434
33.0,-1.18756,31.2646
34.0,-1.35364,30.6708
35.0,-1.18464,29.994
36.0,-0.959581,29.4016
37.0,-1.39326,28.9219
38.0,-1.67112,28.2252
39.0,-1.46176,27.3897
40.0,-1.32244,26.6588
41.0,-1.64915,25.9976
42.0,-1.58202,25.173
43.0,-1.39941,24.382
44.0,-1.08158,23.6823
45.0,-1.10197,23.1415
46.0,-1.03266,22.5905
47.0,-0.998148,22.0742
48.0,-0.925165,21.5751
49.0,-1.13805,21.1125
50.0,-1.10118,20.5435
51.0,-1.43456,19.9929
52.0,-1.6553,19.2756
53.0,-1.46469,18.448
54.0,-1.65615,17.7156
55.0,-1.82645,16.8876
56.0,-1.85841,15.9743
57.0,-1.44862,15.0451
58.0,-1.3261,14.3208
59.0,-1.36258,13.6578
60.0,-1.22085,12.9765
61.0,-1.1767,12.366
62.0,-1.02433,11.7777
63.0,-0.823332,11.2655
64.0,-0.872054,10.8539
65.0,-0.711874,10.4178
66.0,-0.608348,10.0619
67.0,-0.518928,9.75773
68.0,-0.0303752,9.49827
69.0,-0.510074,9.48308
70.0,-0.594161,9.22804
71.0,-0.393581,8.93096
72.0,-0.418323,8.73417
73.0,-0.51051,8.52501
74.0,-0.750185,8.26975
75.0,-1.0886,7.89466
76.0,-0.984709,7.35036
77.0,-1.46375,6.85801
78.0,-1.46601,6.12613
79.0,-1.57322,5.39312
80.0,-1.63592,4.60651
81.0,-1.57233,3.78855
82.0,-1.17863,3.00239
83.0,-1.04345,2.41307
84.0,-1.19208,1.89134
85.0,-0.852464,1.29531
86.0,-0.961608,0.869074
87.0,-0.669342,0.38827
88.0,-0.571354,0.053599
89.0,-0.0561104,-0.232078
90.0,0.0674676,-0.260133
91.0,0.098443,-0.226399
92.0,0.637495,-0.177178
93.0,0.50498,0.14157
94.0,1.03846,0.39406
95.0,1.01944,0.913291
96.0,0.900904,1.42301
97.0,0.475657,1.87346
98.0,0.640619,2.11129
99.0,0.842529,2.4316
100.0,0.910043,2.85287
1.0,0.881574,41.2798
2.0,0.897449,41.7206
3.0,0.932365,42.1693
4.0,0.918811,42.6355
5.0,0.965717,43.0949
6.0,1.24938,43.5778
7.0,1.20639,44.2025
8.0,0.787332,44.8057
9.0,0.794725,45.1993
10.0,0.359901,45.5967
11.0,0.641274,45.7766
12.0,0.967799,46.0973
13.0,0.419046,46.5812
14.0,-0.0156305,46.7907
15.0,-0.457637,46.7829
16.0,-0.767716,46.5541
17.0,-0.802644,46.1702
18.0,-0.798648,45.7689
19.0,-0.838913,45.3696
20.0,-1.47429,44.9501
21.0,-1.63491,44.213
22.0,-1.74221,43.3955
23.0,-1.55223,42.5244
24.0,-1.26509,41.7483
25.0,-1.85382,41.1157
26.0,-2.0965,40.1888
27.0,-2.2466,39.1406
28.0,-2.40711,38.0173
29.0,-2.33218,36.8137
30.0,-2.46389,35.6476
31.0,-2.42731,34.4157
32.0,-2.75139,33.202
33.0,-2.8858,31.8263
34.0,-2.76156,30.3834
35.0,-2.98807,29.0027
36.0,-3.3006,27.5086
37.0,-3.35475,25.8583
38.0,-3.06933,24.181
39.0,-2.94799,22.6463
40.0,-2.88018,21.1723
41.0,-2.62968,19.7322
42.0,-2.4955,18.4174
43.0,-2.31988,17.1696
44.0,-2.3936,16.0097
45.0,-2.30319,14.8129
46.0,-2.01161,13.6613
47.0,-1.88118,12.6555
48.0,-1.44053,11.7149
49.0,-1.47952,10.9946
50.0,-1.33098,10.2549
51.0,-1.72197,9.58937
52.0,-1.20487,8.72838
53.0,-1.25396,8.12595
54.0,-1.35533,7.49897
55.0,-1.47413,6.8213
56.0,-1.67896,6.08424
57.0,-1.95348,5.24476
58.0,-2.12206,4.26802
59.0,-1.90393,3.20698
60.0,-2.02759,2.25502
61.0,-2.16842,1.24123
62.0,-2.0928,0.157013
63.0,-2.09336,-0.889389
64.0,-1.79283,-1.93607
65.0,-1.69628,-2.83248
66.0,-1.64032,-3.68062
67.0,-1.62574,-4.50078
68.0,-1.57815,-5.31365
69.0,-1.64053,-6.10273
70.0,-1.75343,-6.92299
71.0,-1.93263,-7.79971
72.0,-1.38765,-8.76602
73.0,-1.14013,-9.45985
74.0,-0.744508,-10.0299
75.0,-1.12256,-10.4022
76.0,-0.906351,-10.9634
77.0,-0.831748,-11.4166
78.0,-0.619729,-11.8325
79.0,-0.678621,-12.1424
80.0,-0.89565,-12.4817
81.0,-1.18184,-12.9295
82.0,-0.539618,-13.5204
83.0,-0.163476,-13.7902
84.0,0.295938,-13.872
85.0,0.31945,-13.724
86.0,0.472158,-13.5643
87.0,0.665074,-13.3282
88.0,0.459394,-12.9957
89.0,0.750424,-12.766
90.0,0.878101,-12.3907
91.0,0.763224,-11.9517
92.0,1.11447,-11.5701
93.0,1.40673,-11.0128
94.0,1.72822,-10.3095
95.0,1.9867,-9.44537
96.0,2.20749,-8.45202
97.0,2.23866,-7.34828
98.0,2.37877,-6.22895
99.0,2.63089,-5.03956
100.0,2.78819,-3.72412
1.0,1.08023,96.4574
2.0,0.752849,96.9975
3.0,0.903432,97.3739
4.0,0.924756,97.8256
5.0,0.647406,98.288
6.0,0.524715,98.6117
7.0,0.258813,98.8741
8.0,-0.0077452,99.0035
9.0,-0.197629,98.9996
10.0,-0.388945,98.9008
11.0,-0.700123,98.7063
12.0,-0.432838,98.3563
13.0,-0.36202,98.1398
14.0,-0.306824,97.9588
15.0,-0.184562,97.8054
16.0,-0.404748,97.7132
17.0,-0.800165,97.5108
18.0,-1.06091,97.1107
19.0,-0.751311,96.5802
20.0,-0.733532,96.2046
21.0,-1.21583,95.8378
22.0,-1.13963,95.2299
23.0,-1.5786,94.6601
24.0,-1.52822,93.8708
25.0,-1.20333,93.1067
26.0,-1.12701,92.505
27.0,-1.41386,91.9415
28.0,-1.66427,91.2346
29.0,-1.64156,90.4024
30.0,-2.12323,89.5816
31.0,-2.35285,88.52
32.0,-2.27098,87.3436
33.0,-2.34147,86.2081
34.0,-2.52222,85.0374
35.0,-2.63607,83.7763
36.0,-3.27038,82.4582
37.0,-2.97242,80.823
38.0,-3.15676,79.3368
39.0,-3.01765,77.7584
40.0,-3.3689,76.2496
41.0,-3.23312,74.5652
42.0,-3.17058,72.9486
43.0,-3.3985,71.3633
44.0,-3.46734,69.6641
45.0,-3.4508,67.9304
46.0,-3.51277,66.205
47.0,-3.67275,64.4486
48.0,-4.02194,62.6122
49.0,-3.67107,60.6013
50.0,-3.85704,58.7657
51.0,-3.51296,56.8372
52.0,-3.92313,55.0807
53.0,-4.52449,53.1192
54.0,-4.40026,50.8569
55.0,-4.47406,48.6568
56.0,-4.2591,46.4198
57.0,-3.93859,44.2902
58.0,-3.75891,42.3209
59.0,-3.33777,40.4415
60.0,-3.28309,38.7726
61.0,-3.23523,37.131
62.0,-2.96019,35.5134
63.0,-2.69498,34.0333
64.0,-2.81103,32.6858
65.0,-2.70986,31.2803
66.0,-2.74111,29.9254
67.0,-2.57958,28.5548
68.0,-2.56268,27.2651
69.0,-2.12624,25.9837
70.0,-1.94846,24.9206
71.0,-1.94609,23.9464
72.0,-1.99116,22.9733
73.0,-2.21037,21.9777
74.0,-2.52143,20.8726
75.0,-2.07945,19.6118
76.0,-2.02116,18.5721
77.0,-2.01205,17.5615
78.0,-2.1249,16.5555
79.0,-1.94591,15.4931
80.0,-2.11475,14.5201
81.0,-2.19124,13.4627
82.0,-1.92194,12.3671
83.0,-1.87829,11.4061
84.0,-1.77204,10.467
85.0,-1.64381,9.58098
86.0,-1.68873,8.75907
87.0,-1.39068,7.91471
88.0,-1.1475,7.21937
89.0,-1.33186,6.64562
90.0,-1.19887,5.97969
91.0,-0.965809,5.38025
92.0,-0.669295,4.89735
93.0,-0.417971,4.5627
94.0,-0.327897,4.35371
95.0,-0.194359,4.18977
96.0,0.0240013,4.09259
97.0,0.193324,4.10459
98.0,0.323709,4.20125
99.0,0.230536,4.3631
100.0,0.379856,4.47837
1.0,-0.725416,-47.462
2.0,-0.67042,-47.8247
3.0,-0.347992,-48.1599
4.0,-0.56789,-48.3339
5.0,-0.387468,-48.6178
6.0,-0.515486,-48.8116
7.0,-0.307476,-49.0693
8.0,-0.339785,-49.2231
9.0,-0.48201,-49.393
10.0,-0.592463,-49.634
11.0,-0.559827,-49.9302
12.0,-0.186893,-50.2101
13.0,0.00849001,-50.3035
14.0,0.120504,-50.2993
15.0,0.099018,-50.239
16.0,0.590249,-50.1895
17.0,0.948906,-49.8944
18.0,1.18222,-49.42
19.0,1.05904,-48.8289
20.0,1.51838,-48.2993
21.0,1.47511,-47.5401
22.0,1.53853,-46.8026
23.0,1.6617,-46.0333
24.0,1.47228,-45.2025
25.0,1.60843,-44.4663
26.0,1.59106,-43.6621
27.0,1.60552,-42.8666
28.0,1.52816,-42.0638
29.0,1.95201,-41.2998
30.0,1.93913,-40.3237
31.0,1.94801,-39.3542
32.0,2.09556,-38.3802
33.0,2.2877,-37.3324
34.0,2.4409,-36.1885
35.0,2.49829,-34.9681
36.0,2.7687,-33.719
37.0,3.2661,-32.3346
38.0,3.39153,-30.7016
39.0,3.86733,-29.0058
40.0,3.97441,-27.0721
41.0,3.63075,-25.0849
42.0,3.4367,-23.2695
43.0,3.30155,-21.5512
44.0,3.24864,-19.9004
45.0,3.56277,-18.2761
46.0,3.30824,-16.4947
47.0,3.36064,-14.8406
48.0,3.61875,-13.1603
49.0,3.36538,-11.3509
50.0,3.31665,-9.66821
51.0,3.24594,-8.00988
52.0,3.54871,-6.38691
53.0,3.34847,-4.61256
54.0,3.37795,-2.93832
55.0,3.03822,-1.24935
56.0,2.68848,0.26976
57.0,2.72283,1.614
58.0,2.51475,2.97542
59.0,3.35947,4.23279
60.0,3.79929,5.91253
61.0,3.34811,7.81217
62.0,3.27554,9.48623
63.0,3.30857,11.124
64.0,3.06715,12.7783
65.0,3.00749,14.3118
66.0,2.68965,15.8156
67.0,2.44916,17.1604
68.0,2.19401,18.385
69.0,2.51149,19.482
70.0,1.76473,20.7377
71.0,1.62179,21.6201
72.0,1.58279,22.431
73.0,1.25115,23.2224
74.0,1.24936,23.848
75.0,1.32764,24.4727
76.0,1.35821,25.1365
77.0,1.05141,25.8156
78.0,0.6954,26.3413
79.0,0.447164,26.689
80.0,0.572524,26.9126
81.0,0.796082,27.1988
82.0,0.948246,27.5969
83.0,0.792369,28.071
84.0,0.583423,28.4672
85.0,0.327897,28.7589
86.0,0.377474,28.9228
87.0,0.182172,29.1116
88.0,0.233424,29.2027
89.0,0.00597541,29.3194
90.0,-0.568537,29.3224
91.0,-0.735232,29.0381
92.0,-1.1814,28.6705
93.0,-1.338,28.0798
94.0,-1.7096,27.4108
95.0,-1.99959,26.556
96.0,-2.62938,25.5562
97.0,-3.03824,24.2415
98.0,-2.95637,22.7224
99.0,-3.2043,21.2442
100.0,-3.10135,19.642
1.0,-0.867487,-36.8859
2.0,-0.863999,-37.3196
3.0,-0.440204,-37.7516
4.0,-0.130775,-37.9717
5.0,-0.0114425,-38.0371
6.0,0.169579,-38.0429
7.0,0.721177,-37.9581
8.0,0.878516,-37.5975
9.0,0.843187,-37.1582
10.0,0.681582,-36.7366
11.0,0.601039,-36.3958
12.0,0.451618,-36.0953
13.0,0.681443,-35.8695
14.0,0.918746,-35.5288
15.0,1.04564,-35.0694
16.0,1.503,-34.5466
17.0,1.44194,-33.7951
18.0,1.38662,-33.0741
19.0,1.35539,-32.3808
20.0,1.7267,-31.7031
21.0,2.01684,-30.8398
22.0,2.10637,-29.8313
23.0,2.21865,-28.7782
24.0,2.62132,-27.6688
25.0,2.86665,-26.3582
26.0,2.78536,-24.9248
27.0,2.63475,-23.5322
28.0,3.11091,-22.2148
29.0,3.90226,-20.6593
30.0,3.73374,-18.7082
31.0,3.29531,-16.8413
32.0,3.44883,-15.1937
33.0,3.27181,-13.4693
34.0,3.6064,-11.8334
35.0,3.09542,-10.0302
36.0,3.12411,-8.48245
37.0,3.26395,-6.92039
38.0,3.25303,-5.28841
39.0,3.09446,-3.6619
40.0,3.49507,-2.11467
41.0,3.43587,-0.367131
42.0,3.77025,1.3508
43.0,3.61813,3.23593
44.0,3.47535,5.04499
45.0,3.45256,6.78267
46.0,3.62688,8.50895
47.0,3.38993,10.3224
48.0,3.98455,12.0174
49.0,4.1742,14.0096
50.0,4.29049,16.0967
51.0,4.30538,18.242
52.0,4.06505,20.3947
53.0,3.85477,22.4272
54.0,3.70148,24.3546
55.0,3.60765,26.2053
56.0,4.10156,28.0091
57.0,3.83776,30.0599
58.0,3.82365,31.9788
59.0,3.80725,33.8906
60.0,3.48203,35.7942
61.0,3.69338,37.5353
62.0,3.9157,39.382
63.0,3.8457,41.3398
64.0,3.87995,43.2626
65.0,4.08756,45.2026
66.0,3.98892,47.2464
67.0,4.35127,49.2409
68.0,4.2445,51.4165
69.0,3.96729,53.5388
70.0,3.97744,55.5224
71.0,3.99667,57.5111
72.0,4.14072,59.5095
73.0,3.95191,61.5798
74.0,3.93447,63.5558
75.0,3.4691,65.523
76.0,2.97023,67.2576
77.0,3.1092,68.7427
78.0,3.27846,70.2973
79.0,3.0078,71.9365
80.0,3.23677,73.4404
81.0,2.89129,75.0588
82.0,2.91927,76.5044
83.0,2.76715,77.9641
84.0,2.39107,79.3476
85.0,2.01531,80.5432
86.0,2.01485,81.5508
87.0,2.02414,82.5582
88.0,1.80557,83.5703
89.0,1.52053,84.4731
90.0,1.67882,85.2334
91.0,1.47009,86.0728
92.0,1.25128,86.8078
93.0,1.17959,87.4335
94.0,1.10358,88.0233
95.0,0.543375,88.575
96.0,0.288718,88.8467
97.0,0.304997,88.9911
98.0,-0.138019,89.1436
99.0,-0.00693918,89.0746
100.0,-0.163474,89.0711
1.0,0.403157,36.2244
2.0,0.13372,36.426
3.0,-0.0796865,36.4929
4.0,-0.09374,36.453
5.0,-0.374247,36.4062
6.0,-0.410693,36.219
7.0,-0.563194,36.0137
8.0,-0.500663,35.7321
9.0,-0.340724,35.4818
10.0,-0.235991,35.3114
11.0,-0.0271206,35.1934
12.0,0.00140859,35.1799
13.0,0.171022,35.1806
14.0,0.138353,35.2661
15.0,0.121219,35.3352
16.0,0.0946174,35.3959
17.0,0.227162,35.4432
18.0,0.363029,35.5567
19.0,0.106215,35.7383
20.0,0.390859,35.7914
21.0,0.412006,35.9868
22.0,0.408178,36.1928
23.0,0.386728,36.3969
24.0,0.0758124,36.5903
25.0,0.411875,36.6282
26.0,0.154718,36.8341
27.0,0.0935458,36.9115
28.0,0.192159,36.9582
29.0,0.30759,37.0543
30.0,-0.0671789,37.2081
31.0,0.193355,37.1745
32.0,0.305954,37.2712
33.0,0.408532,37.4242
34.0,0.00995389,37.6284
35.0,-0.268968,37.6334
36.0,-0.242015,37.4989
37.0,-0.595809,37.3779
38.0,-0.447995,37.08
39.0,-0.318844,36.856
40.0,-0.43899,36.6966
41.0,-0.722717,36.4771
42.0,-0.520327,36.1157
43.0,-0.572238,35.8556
44.0,-0.809727,35.5695
45.0,-1.00384,35.1646
46.0,-1.12287,34.6627
47.0,-0.517235,34.1012
48.0,-0.14225,33.8426
49.0,-0.0205352,33.7715
50.0,0.158433,33.7612
51.0,0.217495,33.8404
52.0,0.0143952,33.9492
53.0,0.0499091,33.9564
54.0,-0.0105224,33.9813
55.0,0.000330031,33.9761
56.0,0.129787,33.9763
57.0,-0.0246652,34.0411
58.0,-0.163634,34.0288
59.0,-0.322967,33.947
60.0,-0.606573,33.7855
61.0,-0.364434,33.4822
62.0,-0.387145,33.3
63.0,-0.286082,33.1064
64.0,-0.233478,32.9634
65.0,-0.631776,32.8467
66.0,-0.773097,32.5308
67.0,-0.773784,32.1442
68.0,-0.548507,31.7573
69.0,-0.933807,31.4831
70.0,-1.19556,31.0162
71.0,-1.16089,30.4184
72.0,-1.09791,29.8379
73.0,-1.05079,29.289
74.0,-1.31235,28.7636
75.0,-1.35006,28.1074
76.0,-1.35474,27.4324
77.0,-1.42984,26.755
78.0,-1.72182,26.0401
79.0,-1.86604,25.1792
80.0,-2.25067,24.2462
81.0,-1.97274,23.1208
82.0,-1.89363,22.1345
83.0,-1.51943,21.1877
84.0,-1.42724,20.4279
85.0,-0.613657,19.7143
86.0,-0.803227,19.4075
87.0,-0.800135,19.0059
88.0,-0.403366,18.6058
89.0,0.0268925,18.4041
90.0,-0.413176,18.4176
91.0,0.0600265,18.211
92.0,0.115929,18.241
93.0,0.246061,18.299
94.0,0.0695795,18.422
95.0,-0.160188,18.4568
96.0,-0.101232,18.3767
97.0,-0.125424,18.3261
98.0,0.065162,18.2634
99.0,-0.638255,18.2959
100.0,-0.749277,17.9768
1.0,0.231356,12.8606
2.0,0.1662,12.9763
3.0,0.0674915,13.0594
4.0,0.17746,13.0931
5.0,0.203126,13.1819
6.0,0.419034,13.2834
7.0,0.0928721,13.4929
8.0,0.320019,13.5394
9.0,0.323681,13.6994
10.0,0.400333,13.8612
11.0,0.257785,14.0614
12.0,-0.0798209,14.1903
13.0,-0.275796,14.1504
14.0,0.312087,14.0125
15.0,0.746842,14.1685
16.0,0.872433,14.542
17.0,0.965867,14.9782
18.0,1.63189,15.4611
19.0,1.66754,16.277
20.0,1.41471,17.1108
21.0,1.36514,17.8182
22.0,1.34518,18.5007
23.0,1.07603,19.1733
24.0,0.656636,19.7113
25.0,0.534658,20.0397
26.0,0.256937,20.307
27.0,0.214105,20.4355
28.0,-0.289851,20.5425
29.0,-0.243113,20.3976
30.0,-0.309184,20.276
31.0,-0.11653,20.1214
32.0,-0.46407,20.0632
33.0,-0.438327,19.8311
34.0,-0.459376,19.612
35.0,-0.463021,19.3823
36.0,-0.427831,19.1508
37.0,-0.454482,18.9369
38.0,-0.59181,18.7096
39.0,-0.814035,18.4137
40.0,-1.01372,18.0067
41.0,-1.0452,17.4998
42.0,-1.06897,16.9772
43.0,-1.07693,16.4428
44.0,-0.98366,15.9043
45.0,-0.491896,15.4125
46.0,-0.772042,15.1665
47.0,-0.640547,14.7805
48.0,-0.134245,14.4602
49.0,-0.403958,14.3931
50.0,-0.41459,14.1911
51.0,-0.531192,13.9838
52.0,-0.478531,13.7182
53.0,-0.538336,13.479
54.0,-0.643707,13.2098
55.0,-0.750727,12.8879
56.0,-0.537027,12.5126
57.0,-0.316145,12.2441
58.0,-0.234557,12.086
59.0,-0.298279,11.9687
60.0,-0.0205768,11.8196
61.0,-0.0817414,11.8093
62.0,-0.021134,11.7684
63.0,0.100908,11.7579
64.0,0.369133,11.8083
65.0,0.0571054,11.9929
66.0,-0.125189,12.0214
67.0,0.342749,11.9588
68.0,0.192047,12.1302
69.0,-0.263131,12.2262
70.0,-0.201709,12.0947
71.0,-0.45593,11.9938
72.0,-0.260989,11.7658
73.0,0.0360682,11.6353
74.0,-0.587996,11.6534
75.0,-0.179137,11.3594
76.0,-0.235584,11.2698
77.0,-0.326403,11.152
78.0,0.0415387,10.9888
79.0,0.111259,11.0096
80.0,-0.00107863,11.0652
81.0,-0.00570823,11.0647
82.0,0.141276,11.0618
83.0,-0.22681,11.1325
84.0,-0.519062,11.0191
85.0,-0.619573,10.7595
86.0,-1.23117,10.4497
87.0,-0.796598,9.83416
88.0,-0.664614,9.43586
89.0,-0.846753,9.10355
90.0,-0.503997,8.68017
91.0,-0.680269,8.42817
92.0,-0.977785,8.08804
93.0,-1.1777,7.59915
94.0,-1.31695,7.0103
95.0,-1.37617,6.35182
96.0,-1.19797,5.66374
97.0,-0.890925,5.06475
98.0,-0.426106,4.61929
99.0,-0.580634,4.40624
100.0,-0.601935,4.11592
1.0,1.2596,-125.074
2.0,1.46699,-124.444
3.0,1.53482,-123.71
4.0,1.53725,-122.943
5.0,1.69786,-122.174
6.0,1.54268,-121.325
7.0,1.79009,-120.554
8.0,1.88739,-119.659
9.0,1.56474,-118.715
10.0,1.72047,-117.933
11.0,1.85832,-117.073
12.0,1.84928,-116.144
13.0,1.73549,-115.219
14.0,1.33512,-114.351
15.0,1.66359,-113.684
16.0,1.69699,-112.852
17.0,1.94161,-112.003
18.0,2.19285,-111.033
19.0,2.19584,-109.936
20.0,2.41324,-108.838
21.0,2.57882,-107.632
22.0,2.53666,-106.342
23.0,2.87197,-105.074
24.0,2.90632,-103.638
25.0,3.07477,-102.185
26.0,3.1633,-100.647
27.0,2.98565,-99.0656
28.0,3.18335,-97.5728
29.0,3.52882,-95.9811
30.0,3.81464,-94.2167
31.0,3.9279,-92.3094
32.0,3.94985,-90.3454
33.0,3.98119,-88.3705
34.0,4.18902,-86.3799
35.0,4.58412,-84.2854
36.0,4.96006,-81.9933
37.0,5.27934,-79.5133
38.0,5.46518,-76.8736
39.0,5.71866,-74.1411
40.0,5.83482,-71.2817
41.0,5.66277,-68.3643
42.0,5.55557,-65.5329
43.0,5.47403,-62.7551
44.0,5.59271,-60.0181
45.0,5.90801,-57.2218
46.0,5.71814,-54.2678
47.0,5.64699,-51.4087
48.0,5.26653,-48.5852
49.0,5.07593,-45.9519
50.0,5.43672,-43.414
51.0,5.37886,-40.6956
52.0,5.1208,-38.0062
53.0,4.78755,-35.4458
54.0,4.43528,-33.052
55.0,4.46393,-30.8344
56.0,4.14596,-28.6024
57.0,4.02726,-26.5294
58.0,4.22763,-24.5158
59.0,3.79399,-22.402
60.0,3.85842,-20.505
61.0,4.02367,-18.5758
62.0,4.1669,-16.5639
63.0,3.95793,-14.4805
64.0,3.66868,-12.5015
65.0,3.40131,-10.6672
66.0,3.25991,-8.96652
67.0,3.05779,-7.33656
68.0,3.11806,-5.80767
69.0,3.07051,-4.24864
70.0,2.78693,-2.71338
71.0,3.00934,-1.31992
72.0,2.80336,0.184753
73.0,2.58405,1.58643
74.0,2.56536,2.87846
75.0,2.73063,4.16114
76.0,2.65453,5.52645
77.0,2.3446,6.85372
78.0,1.99239,8.02602
79.0,1.25189,9.02221
80.0,1.11389,9.64816
81.0,0.84802,10.2051
82.0,0.432369,10.6291
83.0,0.462903,10.8453
84.0,0.669466,11.0767
85.0,0.913326,11.4115
86.0,0.843719,11.8681
87.0,1.1143,12.29
88.0,1.15523,12.8472
89.0,1.37497,13.4248
90.0,1.36321,14.1123
91.0,1.43841,14.7939
92.0,1.43181,15.5131
93.0,1.65116,16.229
94.0,1.6827,17.0546
95.0,1.4306,17.8959
96.0,1.22422,18.6112
97.0,1.38312,19.2233
98.0,1.34678,19.9149
99.0,1.27218,20.5883
100.0,1.15261,21.2244
1.0,0.672763,-45.1656
2.0,1.05219,-44.8292
3.0,1.21188,-44.3031
4.0,0.950214,-43.6972
5.0,0.617637,-43.2221
6.0,0.0969547,-42.9133
7.0,0.242687,-42.8648
8.0,0.234298,-42.7434
9.0,0.75199,-42.6263
10.0,1.17768,-42.2503
11.0,1.23845,-41.6615
12.0,1.39204,-41.0422
13.0,1.57925,-40.3462
14.0,1.50425,-39.5566
15.0,1.19103,-38.8045
16.0,1.41749,-38.2089
17.0,1.6233,-37.5002
18.0,1.37485,-36.6886
19.0,1.1169,-36.0011
20.0,1.09547,-35.4427
21.0,0.337906,-34.8949
22.0,0.476072,-34.726
23.0,0.262835,-34.4879
24.0,0.812609,-34.3565
25.0,0.99984,-33.9502
26.0,1.55348,-33.4503
27.0,1.31748,-32.6736
28.0,1.13873,-32.0148
29.0,1.02616,-31.4455
30.0,0.808178,-30.9324
31.0,0.201886,-30.5283
32.0,0.202906,-30.4274
33.0,0.732048,-30.3259
34.0,0.996748,-29.9599
35.0,0.834166,-29.4615
36.0,0.736657,-29.0444
37.0,0.408948,-28.6761
38.0,0.934957,-28.4716
39.0,0.938721,-28.0041
40.0,0.788771,-27.5348
41.0,0.923572,-27.1404
42.0,0.68766,-26.6786
43.0,0.556152,-26.3348
44.0,0.761852,-26.0567
45.0,1.32372,-25.6758
46.0,1.43322,-25.0139
47.0,1.32522,-24.2973
48.0,1.35531,-23.6347
49.0,1.26109,-22.957
50.0,1.10184,-22.3265
51.0,1.0092,-21.7756
52.0,0.762569,-21.271
53.0,0.985046,-20.8897
54.0,1.33841,-20.3972
55.0,1.29852,-19.728
56.0,1.47552,-19.0787
57.0,1.54141,-18.3409
58.0,1.77301,-17.5702
59.0,2.07858,-16.6837
60.0,2.19501,-15.6444
61.0,1.93012,-14.5469
62.0,2.01778,-13.5819
63.0,1.93431,-12.573
64.0,2.14062,-11.6058
65.0,2.07234,-10.5355
66.0,2.18938,-9.49936
67.0,2.40746,-8.40467
68.0,2.76979,-7.20094
69.0,2.49988,-5.81604
70.0,2.69265,-4.5661
71.0,2.93855,-3.21978
72.0,3.32371,-1.7505
73.0,2.9281,-0.088649
74.0,2.79472,1.3754
75.0,2.53902,2.77276
76.0,2.94415,4.04227
77.0,3.04421,5.51435
78.0,2.84886,7.03646
79.0,2.54122,8.46088
80.0,2.49927,9.73149
81.0,2.24817,10.9811
82.0,2.23241,12.1052
83.0,2.01093,13.2214
84.0,2.00274,14.2269
85.0,1.79145,15.2283
86.0,1.70952,16.124
87.0,1.85754,16.9787
88.0,1.78216,17.9075
89.0,1.55254,18.7986
90.0,1.1873,19.5749
91.0,0.625419,20.1685
92.0,0.780638,20.4812
93.0,0.577331,20.8715
94.0,0.193419,21.1602
95.0,0.313055,21.2569
96.0,-0.00993902,21.4135
97.0,-0.318538,21.4085
98.0,-0.684776,21.2492
99.0,-0.550867,20.9068
100.0,-0.588928,20.6314
