action: u,states: t,states: v,states: x
0.259506,0.0,0.846312,-81.2466
0.282322,1.0,0.875187,-80.8234
0.216908,2.0,1.11003,-80.3858
0.288974,3.0,1.00587,-79.8308
0.123917,4.0,0.752367,-79.3279
0.0409554,5.0,1.15185,-78.9517
0.209226,6.0,1.26879,-78.3757
0.16359,7.0,1.35386,-77.7413
0.16209,8.0,1.5137,-77.0644
0.173153,9.0,1.54217,-76.3076
0.18714,10.0,1.73504,-75.5365
0.188973,11.0,1.68184,-74.669
0.140745,12.0,1.55064,-73.8281
0.231238,13.0,1.89738,-73.0527
0.0486208,14.0,2.08841,-72.104
0.31093,15.0,1.68147,-71.0598
0.257791,16.0,1.61083,-70.2191
0.294685,17.0,1.70872,-69.4137
0.274297,18.0,1.60426,-68.5593
0.188704,19.0,1.92368,-67.7572
0.224717,20.0,2.01405,-66.7954
0.217884,21.0,2.22224,-65.7883
0.120802,22.0,2.41131,-64.6772
0.071523,23.0,2.57756,-63.4716
0.188084,24.0,2.35674,-62.1828
0.228176,25.0,2.37749,-61.0044
0.162576,26.0,2.49617,-59.8157
0.239782,27.0,2.42864,-58.5676
0.0778291,28.0,2.46496,-57.3533
0.152738,29.0,2.70716,-56.1208
0.207794,30.0,2.63907,-54.7672
0.21258,31.0,2.50052,-53.4477
0.134828,32.0,2.71873,-52.1974
0.176194,33.0,2.67891,-50.838
0.0366309,34.0,2.75416,-49.4986
0.0497423,35.0,2.86301,-48.1215
0.0777571,36.0,2.70678,-46.69
0.0888673,37.0,2.67462,-45.3366
0.0531394,38.0,3.0159,-43.9993
0.0491337,39.0,3.17542,-42.4914
-0.0238293,40.0,3.45763,-40.9036
0.075726,41.0,3.54818,-39.1748
0.121151,42.0,3.32439,-37.4007
-0.0528209,43.0,3.58832,-35.7385
0.0390719,44.0,3.92202,-33.9444
-0.191847,45.0,4.30427,-31.9834
-0.0811883,46.0,4.14055,-29.8312
-0.0897948,47.0,3.93838,-27.761
-0.0405708,48.0,3.67696,-25.7918
-0.027814,49.0,3.62496,-23.9533
-0.108702,50.0,3.49002,-22.1408
0.0387667,51.0,3.57525,-20.3958
-0.0783103,52.0,3.9164,-18.6082
0.00976324,53.0,3.62417,-16.65
-0.182661,54.0,3.21706,-14.8379
0.0423294,55.0,2.65779,-13.2294
-0.100003,56.0,2.57107,-11.9005
0.1121,57.0,2.25555,-10.6149
-0.0603443,58.0,2.39357,-9.48716
-0.0313677,59.0,2.40648,-8.29038
-0.0448103,60.0,2.55355,-7.08714
-0.0446408,61.0,2.24566,-5.81036
0.0425274,62.0,2.38859,-4.68753
0.0599208,63.0,2.55254,-3.49324
0.00311577,64.0,2.55204,-2.21697
-0.0177189,65.0,2.70418,-0.940951
-0.197918,66.0,2.60028,0.411137
0.0122805,67.0,2.17446,1.71128
-0.0723684,68.0,1.71879,2.7985
-0.0615798,69.0,1.44186,3.6579
0.172691,70.0,1.47251,4.37883
-0.0340697,71.0,1.66754,5.11508
0.0297201,72.0,1.69807,5.94886
0.0189173,73.0,1.8389,6.79789
0.031441,74.0,1.9564,7.71734
-0.128491,75.0,1.84777,8.69554
-0.167031,76.0,1.71268,9.61943
0.105249,77.0,1.41412,10.4758
-0.161458,78.0,1.75539,11.1828
-0.192875,79.0,1.77405,12.0605
-0.176872,80.0,1.57126,12.9476
-0.07064,81.0,1.23011,13.7332
-0.102801,82.0,1.56588,14.3482
-0.063502,83.0,1.39352,15.1312
-0.165351,84.0,1.56463,15.8279
-0.231174,85.0,1.25966,16.6102
0.0162159,86.0,0.820021,17.2401
-0.138873,87.0,1.0744,17.6501
0.0518861,88.0,0.560402,18.1873
-0.170718,89.0,0.777923,18.4675
-0.234693,90.0,0.817128,18.8564
-0.120262,91.0,0.838398,19.265
-0.210679,92.0,0.49645,19.6842
-0.159299,93.0,0.240105,19.9324
-0.314219,94.0,0.353034,20.0525
-0.15647,95.0,0.315796,20.229
-0.397926,96.0,0.395317,20.3869
-0.451159,97.0,0.076906,20.5846
8.34465e-07,98.0,-0.29166,20.623
0.00062108,99.0,-0.51194,20.4772
-0.516478,0.0,0.970861,327.975
-0.455675,1.0,0.831609,328.46
-0.526599,2.0,0.863275,328.876
-0.411762,3.0,0.35094,329.307
-0.470452,4.0,0.0410391,329.483
-0.473142,5.0,0.140729,329.503
-0.533714,6.0,-0.0542208,329.574
-0.473375,7.0,0.0162226,329.547
-0.465224,8.0,-0.0568744,329.555
-0.295354,9.0,-0.483326,329.526
-0.487192,10.0,-0.631371,329.285
-0.485145,11.0,-1.08104,328.969
-0.442436,12.0,-1.53184,328.428
-0.526354,13.0,-1.8559,327.663
-0.524067,14.0,-2.11941,326.735
-0.522549,15.0,-2.43638,325.675
-0.48615,16.0,-2.76108,324.457
-0.525803,17.0,-2.85173,323.076
-0.453442,18.0,-3.37932,321.65
-0.436054,19.0,-3.48679,319.961
-0.508519,20.0,-3.7835,318.217
-0.484787,21.0,-3.97944,316.325
-0.391422,22.0,-4.14624,314.336
-0.464117,23.0,-4.56558,312.263
-0.40273,24.0,-4.71655,309.98
-0.454286,25.0,-4.81655,307.622
-0.542296,26.0,-5.01199,305.213
-0.430346,27.0,-5.21562,302.707
-0.42466,28.0,-5.55573,300.1
-0.552833,29.0,-5.05907,297.322
-0.489676,30.0,-5.42328,294.792
-0.551346,31.0,-5.61637,292.08
-0.522286,32.0,-5.84183,289.272
-0.515762,33.0,-6.36127,286.351
-0.575108,34.0,-6.38763,283.171
-0.411404,35.0,-6.61563,279.977
-0.554396,36.0,-6.97386,276.669
-0.529189,37.0,-7.15597,273.182
-0.301234,38.0,-7.38676,269.604
-0.552708,39.0,-7.63707,265.911
-0.415145,40.0,-7.67599,262.092
-0.422822,41.0,-7.79602,258.254
-0.523494,42.0,-8.384,254.356
-0.425193,43.0,-8.25003,250.164
-0.419227,44.0,-8.25703,246.039
-0.443351,45.0,-8.46644,241.911
-0.481745,46.0,-9.27371,237.678
-0.474595,47.0,-9.7229,233.041
-0.32329,48.0,-9.58404,228.179
-0.494995,49.0,-10.0376,223.387
-0.532136,50.0,-10.6718,218.368
-0.360514,51.0,-10.6684,213.032
-0.487927,52.0,-11.4727,207.698
-0.388246,53.0,-11.7224,201.962
-0.380714,54.0,-11.9325,196.101
-0.299304,55.0,-11.9797,190.135
-0.218139,56.0,-12.043,184.145
-0.108026,57.0,-12.0285,178.123
-0.283128,58.0,-11.8535,172.109
-0.112745,59.0,-12.1343,166.182
-0.00190419,60.0,-12.0408,160.115
0.104567,61.0,-11.9856,154.095
0.215492,62.0,-12.1486,148.102
0.108445,63.0,-11.831,142.027
0.142131,64.0,-11.87,136.112
0.343267,65.0,-11.89,130.177
0.363544,66.0,-11.3603,124.232
0.374236,67.0,-11.1309,118.552
0.188112,68.0,-10.7647,112.986
0.423447,69.0,-10.7822,107.604
0.397422,70.0,-10.5766,102.213
0.335222,71.0,-10.5415,96.9247
0.362832,72.0,-10.3492,91.654
0.427667,73.0,-10.2544,86.4794
0.486893,74.0,-9.87928,81.3522
0.553378,75.0,-9.59842,76.4125
0.410399,76.0,-9.4969,71.6133
0.426832,77.0,-9.26117,66.8649
0.539298,78.0,-9.10384,62.2343
0.497135,79.0,-8.67392,57.6824
0.48924,80.0,-8.53761,53.3454
0.519588,81.0,-8.52812,49.0766
0.467007,82.0,-8.38739,44.8125
0.489022,83.0,-7.99042,40.6189
0.440915,84.0,-7.57968,36.6236
0.388658,85.0,-7.20017,32.8338
0.425744,86.0,-7.03664,29.2337
0.427976,87.0,-6.56818,25.7154
0.45438,88.0,-6.28116,22.4313
0.321493,89.0,-5.86285,19.2907
0.456174,90.0,-5.66583,16.3593
0.519354,91.0,-5.22405,13.5264
0.488571,92.0,-5.0818,10.9144
0.520143,93.0,-4.82803,8.37346
0.556263,94.0,-4.44187,5.95945
0.551286,95.0,-4.19136,3.73851
0.48682,96.0,-3.67639,1.64284
0.430243,97.0,-3.13888,-0.195358
0.0309207,98.0,-3.14727,-1.7648
0.0421611,99.0,-2.96817,-3.33843
0.10364,0.0,-2.06961,-22.8248
-0.0733703,1.0,-1.56464,-23.8596
0.298029,2.0,-2.189,-24.6419
0.0534885,3.0,-2.07286,-25.7364
0.140423,4.0,-2.04835,-26.7728
0.164064,5.0,-2.11975,-27.797
0.312365,6.0,-2.10496,-28.8569
0.128056,7.0,-1.70339,-29.9093
0.180246,8.0,-1.86564,-30.761
0.139642,9.0,-1.37816,-31.6939
0.148505,10.0,-1.15486,-32.3829
0.233333,11.0,-1.33353,-32.9604
0.187663,12.0,-1.38336,-33.6271
0.120606,13.0,-1.29306,-34.3188
0.328746,14.0,-1.13043,-34.9653
0.296076,15.0,-0.873296,-35.5306
0.200582,16.0,-0.651307,-35.9672
0.303294,17.0,-0.350434,-36.2929
-0.00753593,18.0,-0.00682217,-36.4681
0.259041,19.0,-0.554742,-36.4715
0.208377,20.0,-0.334732,-36.7489
0.294385,21.0,-0.247739,-36.9162
0.158956,22.0,0.21806,-37.0401
0.226476,23.0,0.0192299,-36.9311
0.134649,24.0,0.16226,-36.9214
0.333742,25.0,-0.0420527,-36.8403
0.265892,26.0,0.159817,-36.8613
0.216139,27.0,0.119711,-36.7814
0.308454,28.0,0.200125,-36.7216
0.172049,29.0,0.143848,-36.6215
0.298411,30.0,-0.133304,-36.5496
0.358488,31.0,-0.0517946,-36.6162
0.277075,32.0,-0.339189,-36.6421
0.155763,33.0,-0.245695,-36.8117
0.225953,34.0,-0.031369,-36.9346
0.256348,35.0,-0.26497,-36.9503
0.23008,36.0,-0.228149,-37.0827
0.403486,37.0,-0.236846,-37.1968
0.219084,38.0,0.29801,-37.3152
0.287653,39.0,0.132632,-37.1662
0.0839674,40.0,0.620965,-37.0999
0.253833,41.0,0.892026,-36.7894
0.0774785,42.0,0.733419,-36.3434
0.285205,43.0,0.576694,-35.9767
0.331707,44.0,0.891584,-35.6884
0.266815,45.0,1.17036,-35.2426
0.388153,46.0,0.971341,-34.6574
0.362458,47.0,0.920395,-34.1717
0.207334,48.0,0.868939,-33.7115
0.423764,49.0,0.886767,-33.2771
0.0881219,50.0,0.911834,-32.8337
0.410112,51.0,0.840435,-32.3778
0.355683,52.0,1.15968,-31.9575
0.25332,53.0,1.02401,-31.3777
0.369155,54.0,0.922606,-30.8657
0.280726,55.0,0.770357,-30.4044
0.350287,56.0,1.23534,-30.0192
0.434051,57.0,1.43812,-29.4015
0.246861,58.0,2.14388,-28.6825
0.271937,59.0,2.07505,-27.6105
0.377009,60.0,1.73022,-26.573
0.166529,61.0,1.96463,-25.7079
0.271861,62.0,2.04322,-24.7256
0.412156,63.0,2.387,-23.704
0.328075,64.0,2.28746,-22.5105
0.305909,65.0,2.42109,-21.3668
0.285696,66.0,2.40465,-20.1562
0.357022,67.0,2.04593,-18.9539
0.378852,68.0,1.95847,-17.9309
0.37021,69.0,2.05628,-16.9517
0.31431,70.0,2.18004,-15.9236
0.339214,71.0,2.54537,-14.8335
0.395526,72.0,2.49,-13.5608
0.320093,73.0,2.86268,-12.3158
0.319991,74.0,2.79477,-10.8845
0.332585,75.0,2.95097,-9.48713
0.187648,76.0,2.85574,-8.01164
0.238024,77.0,2.81875,-6.58377
0.40685,78.0,2.43132,-5.17439
0.269077,79.0,3.23791,-3.95874
-0.101613,80.0,4.10447,-2.33978
-0.331007,81.0,4.1753,-0.287546
-0.268846,82.0,4.08687,1.8001
-0.333043,83.0,3.96498,3.84354
-0.338319,84.0,3.84656,5.82603
-0.328181,85.0,3.79645,7.74931
-0.346894,86.0,3.98442,9.64753
-0.39421,87.0,3.67876,11.6397
-0.443638,88.0,3.69793,13.4791
-0.400831,89.0,3.84383,15.3281
-0.48913,90.0,3.93475,17.25
-0.522038,91.0,3.12163,19.2174
-0.4119,92.0,3.0774,20.7782
-0.398113,93.0,3.06662,22.3169
-0.446957,94.0,3.20484,23.8502
-0.4839,95.0,2.95931,25.4526
-0.427762,96.0,2.8784,26.9323
-0.339665,97.0,2.64575,28.3715
0.0324652,98.0,2.56134,29.6943
0.00768209,99.0,2.58145,30.975
-0.0822282,0.0,0.126504,49.794
-0.0615151,1.0,0.317913,49.8573
-0.156159,2.0,0.444769,50.0162
0.0265028,3.0,0.206223,50.2386
-0.134073,4.0,-0.12444,50.3417
-0.00821322,5.0,0.0794657,50.2795
-0.0120035,6.0,-0.0440217,50.3192
-0.216773,7.0,0.0132632,50.2972
-0.146752,8.0,-0.444246,50.3038
-0.101758,9.0,-0.710838,50.0817
-0.132475,10.0,-1.10003,49.7263
0.0894063,11.0,-0.991359,49.1763
-0.162808,12.0,-1.13032,48.6806
-0.126925,13.0,-1.33309,48.1155
0.0948578,14.0,-1.84699,47.4489
0.0562421,15.0,-1.7919,46.5254
0.0357538,16.0,-1.50576,45.6295
-0.0247859,17.0,-1.73406,44.8766
0.11844,18.0,-1.7607,44.0096
0.00629461,19.0,-1.46203,43.1292
0.111306,20.0,-1.26458,42.3982
0.0297164,21.0,-1.48183,41.7659
-0.11491,22.0,-1.45355,41.025
-0.0553792,23.0,-1.34124,40.2982
-0.109564,24.0,-1.2062,39.6276
-0.111086,25.0,-1.09185,39.0245
0.0701365,26.0,-1.31042,38.4786
-0.0428235,27.0,-1.21987,37.8234
-0.00451756,28.0,-1.19744,37.2134
-0.0431845,29.0,-1.10211,36.6147
-0.0848435,30.0,-1.23945,36.0636
-0.0144852,31.0,-1.41132,35.4439
0.0226159,32.0,-1.30594,34.7383
0.0757295,33.0,-1.43635,34.0853
-0.104021,34.0,-1.19504,33.3671
0.0298913,35.0,-1.3991,32.7696
-0.0636252,36.0,-1.2021,32.07
0.14337,37.0,-1.46782,31.469
0.074261,38.0,-1.65715,30.7351
0.00752616,39.0,-1.69424,29.9065
0.00277317,40.0,-1.74024,29.0594
0.0661176,41.0,-1.90135,28.1893
0.0858037,42.0,-1.93954,27.2386
0.0464778,43.0,-1.69595,26.2688
0.141095,44.0,-1.75134,25.4209
0.104841,45.0,-1.61606,24.5452
0.140931,46.0,-1.86766,23.7372
0.0883229,47.0,-1.70779,22.8033
0.142608,48.0,-1.74011,21.9494
0.0695907,49.0,-1.46379,21.0794
0.114802,50.0,-1.59806,20.3475
0.12871,51.0,-1.43618,19.5484
-0.0591933,52.0,-1.15414,18.8304
-0.0397233,53.0,-1.05881,18.2533
0.0532147,54.0,-1.34654,17.7239
-0.0632806,55.0,-1.06064,17.0506
0.174825,56.0,-1.37329,16.5203
0.127106,57.0,-1.42601,15.8336
0.070788,58.0,-1.51325,15.1206
0.00315797,59.0,-0.916304,14.364
0.0891807,60.0,-0.753116,13.9059
0.0923505,61.0,-0.611569,13.5293
-0.0112377,62.0,-0.594948,13.2235
0.00383568,63.0,-0.410323,12.926
-0.0157387,64.0,-0.270568,12.7209
-0.110292,65.0,-0.279525,12.5856
0.00587976,66.0,0.0497545,12.4458
-0.182684,67.0,-0.176847,12.4707
-0.0904739,68.0,-0.296938,12.3823
0.0674292,69.0,-0.744189,12.2338
0.115446,70.0,-0.362445,11.8617
-0.0299573,71.0,-0.387567,11.6805
0.0715945,72.0,-0.639003,11.4867
0.0430685,73.0,-0.608209,11.1672
-0.00874585,74.0,-0.795594,10.8631
0.0539697,75.0,-1.03228,10.4653
0.134758,76.0,-0.826392,9.94918
-0.0893416,77.0,-0.958484,9.53598
0.0373333,78.0,-1.11565,9.05674
0.160435,79.0,-0.95854,8.49892
0.120391,80.0,-0.77274,8.01965
0.158483,81.0,-0.984376,7.63328
0.164033,82.0,-0.984985,7.14109
0.207046,83.0,-0.783522,6.6486
0.263031,84.0,-0.788301,6.25684
0.23306,85.0,-0.755579,5.86269
0.194546,86.0,-0.643285,5.4849
0.112516,87.0,-0.471112,5.16326
0.029006,88.0,-0.806006,4.9277
0.407609,89.0,-0.971272,4.5247
0.334038,90.0,-0.439298,4.03906
0.419714,91.0,-0.490625,3.81941
0.407686,92.0,-0.420552,3.5741
0.363628,93.0,0.155254,3.36382
0.298172,94.0,0.515238,3.44145
0.441353,95.0,0.598329,3.69907
0.564482,96.0,0.875188,3.99824
0.41033,97.0,1.38324,4.43583
-0.00256783,98.0,1.55246,5.12745
0.00117409,99.0,1.39793,5.90368
-0.308418,0.0,0.697416,69.6198
-0.332778,1.0,0.539653,69.9685
-0.245244,2.0,0.103843,70.2383
-0.131208,3.0,0.090742,70.2903
-0.211451,4.0,-0.243005,70.3356
-0.284493,5.0,-0.256559,70.2141
-0.105144,6.0,-0.432193,70.0858
-0.205303,7.0,-0.134277,69.8697
-0.128551,8.0,-0.222715,69.8026
-0.308925,9.0,-0.118013,69.6912
-0.239899,10.0,-0.162787,69.6322
-0.245872,11.0,-0.00868922,69.5508
-0.160506,12.0,0.0998604,69.5465
-0.119351,13.0,0.151872,69.5964
-0.225454,14.0,0.1514,69.6724
-0.359921,15.0,0.047211,69.7481
-0.0928375,16.0,-0.435733,69.7717
-0.265804,17.0,-0.697584,69.5538
-0.130709,18.0,-1.00838,69.205
-0.188512,19.0,-1.38422,68.7008
-0.200565,20.0,-1.45395,68.0087
-0.306893,21.0,-1.12742,67.2817
-0.0234848,22.0,-1.08889,66.718
-0.223657,23.0,-0.910045,66.1736
-0.258159,24.0,-1.42075,65.7186
0.058995,25.0,-1.46474,65.0082
-0.100508,26.0,-1.3076,64.2758
-0.321761,27.0,-1.40352,63.622
-0.125344,28.0,-1.50238,62.9203
-0.158292,29.0,-1.71537,62.1691
-0.317965,30.0,-1.59475,61.3114
-0.132998,31.0,-1.81732,60.514
-0.164992,32.0,-1.73864,59.6053
-0.323307,33.0,-1.78585,58.736
-0.240009,34.0,-1.99669,57.8431
-0.277957,35.0,-2.00221,56.8448
-0.14379,36.0,-2.26876,55.8437
-0.223701,37.0,-2.41372,54.7093
-0.214337,38.0,-2.79718,53.5024
0.0887818,39.0,-3.1362,52.1038
-0.113492,40.0,-3.61579,50.5357
0.0588876,41.0,-3.5208,48.7278
-0.0481619,42.0,-4.00233,46.9674
0.0564942,43.0,-4.10299,44.9663
0.0395141,44.0,-3.84568,42.9148
0.0997514,45.0,-4.04938,40.9919
0.152996,46.0,-3.90237,38.9672
0.123292,47.0,-3.90371,37.016
0.0350238,48.0,-4.09613,35.0642
0.184469,49.0,-4.30628,33.0161
0.194676,50.0,-4.1806,30.863
0.240311,51.0,-4.17078,28.7727
0.267422,52.0,-4.00493,26.6873
0.173892,53.0,-3.87492,24.6848
0.0816059,54.0,-3.98737,22.7474
0.122447,55.0,-3.95273,20.7537
0.24257,56.0,-4.47593,18.7773
0.115416,57.0,-4.25989,16.5394
0.296992,58.0,-3.92332,14.4094
0.216441,59.0,-3.34304,12.4478
0.226539,60.0,-3.25206,10.7762
0.163668,61.0,-3.04929,9.15021
0.102811,62.0,-3.25028,7.62556
0.196796,63.0,-3.28194,6.00042
0.269282,64.0,-3.17659,4.35945
0.268892,65.0,-2.98505,2.77116
0.21781,66.0,-2.56874,1.27863
0.192014,67.0,-2.20824,-0.00573409
0.215592,68.0,-2.61698,-1.10985
0.210402,69.0,-2.45086,-2.41834
0.422586,70.0,-2.96483,-3.64377
0.244685,71.0,-2.60247,-5.12618
0.160017,72.0,-2.71557,-6.42742
0.291778,73.0,-3.04274,-7.7852
0.288406,74.0,-2.60378,-9.30657
0.239325,75.0,-2.56881,-10.6085
0.22643,76.0,-2.02381,-11.8929
0.445774,77.0,-2.06737,-12.9048
0.232049,78.0,-1.48798,-13.9385
0.187498,79.0,-1.39455,-14.6824
0.350789,80.0,-1.72222,-15.3797
0.425228,81.0,-1.85948,-16.2408
0.374889,82.0,-1.33114,-17.1706
0.402709,83.0,-1.08657,-17.8361
0.409796,84.0,-0.86764,-18.3794
0.368859,85.0,-0.40217,-18.8132
0.317023,86.0,0.049618,-19.0143
0.478344,87.0,0.0516946,-18.9895
0.319201,88.0,0.33335,-18.9637
0.385998,89.0,0.416463,-18.797
0.546175,90.0,0.734238,-18.5888
0.459886,91.0,0.852844,-18.2216
0.415352,92.0,1.39567,-17.7952
0.494426,93.0,1.42695,-17.0974
0.285645,94.0,1.92791,-16.3839
-0.322871,95.0,2.46207,-15.42
-0.303056,96.0,1.90892,-14.1889
-0.349317,97.0,1.74064,-13.2345
0.000262499,98.0,1.53839,-12.3642
-0.000823081,99.0,1.3675,-11.595
0.104576,0.0,0.423825,-32.358
0.172327,1.0,0.471679,-32.1461
0.094909,2.0,0.412012,-31.9103
-0.0233082,3.0,0.803487,-31.7042
0.0399755,4.0,0.520656,-31.3025
0.032285,5.0,0.292865,-31.0422
0.152763,6.0,0.632873,-30.8957
0.147457,7.0,0.609055,-30.5793
-0.0543171,8.0,0.87634,-30.2748
0.0360602,9.0,1.23933,-29.8366
-0.0269598,10.0,1.02739,-29.2169
0.11905,11.0,0.865909,-28.7032
0.00974023,12.0,0.967931,-28.2703
0.00678313,13.0,0.936154,-27.7863
0.09427,14.0,1.42042,-27.3183
-0.00851458,15.0,1.5105,-26.608
-0.0334857,16.0,1.48539,-25.8528
-0.0126682,17.0,1.50002,-25.1101
0.111501,18.0,1.20368,-24.3601
-0.0346439,19.0,0.888985,-23.7582
0.0109379,20.0,0.949137,-23.3138
0.095112,21.0,0.901408,-22.8392
0.0663234,22.0,1.04876,-22.3885
-0.0310819,23.0,1.09604,-21.8641
0.104036,24.0,1.19307,-21.3161
0.13897,25.0,1.10764,-20.7196
0.0587213,26.0,1.10079,-20.1657
0.191239,27.0,0.677349,-19.6153
0.0760853,28.0,0.860196,-19.2767
0.0694699,29.0,0.781061,-18.8466
0.0585763,30.0,1.17814,-18.456
0.0318131,31.0,0.795687,-17.867
0.0522597,32.0,0.634838,-17.4691
0.143771,33.0,0.888274,-17.1517
-0.0184122,34.0,1.07257,-16.7076
0.0973444,35.0,1.16853,-16.1713
0.0327475,36.0,1.34863,-15.587
0.0728918,37.0,1.06645,-14.9127
0.223173,38.0,1.1693,-14.3795
0.0694101,39.0,1.14458,-13.7948
-0.0490506,40.0,1.42289,-13.2225
0.102294,41.0,1.28032,-12.5111
0.0724059,42.0,1.38879,-11.8709
-0.0622104,43.0,1.67073,-11.1765
0.0936229,44.0,1.35674,-10.3412
0.0992141,45.0,1.91849,-9.66279
-0.0744644,46.0,1.67976,-8.70355
0.0957367,47.0,1.4289,-7.86367
0.0362171,48.0,1.0226,-7.14922
-0.013324,49.0,1.62757,-6.63792
0.0710098,50.0,1.30187,-5.82413
-0.0627363,51.0,1.46982,-5.1732
-0.0222694,52.0,1.81906,-4.43828
-0.021131,53.0,1.86262,-3.52875
0.0657172,54.0,1.6269,-2.59744
-0.0682205,55.0,1.69915,-1.78399
0.0931203,56.0,1.55389,-0.934417
0.0368892,57.0,1.84184,-0.157473
0.0299534,58.0,1.70044,0.763447
-0.0510848,59.0,1.6397,1.61367
0.0971557,60.0,1.24376,2.43352
0.000658751,61.0,1.726,3.0554
-0.098424,62.0,1.66895,3.9184
0.00482833,63.0,1.88458,4.75288
-0.160478,64.0,2.18243,5.69517
-0.170659,65.0,2.25274,6.78638
-0.134554,66.0,1.83398,7.91276
-0.158608,67.0,1.91839,8.82974
-0.00484705,68.0,1.95854,9.78894
-0.283076,69.0,2.22457,10.7682
-0.218208,70.0,2.48464,11.8805
-0.249997,71.0,2.2655,13.1228
-0.251137,72.0,2.03174,14.2556
-0.290965,73.0,1.85281,15.2714
-0.135103,74.0,1.27646,16.1978
-0.131833,75.0,1.0618,16.8361
-0.0326903,76.0,0.798997,17.367
-0.113746,77.0,0.629332,17.7665
0.040763,78.0,0.270748,18.0811
0.00897884,79.0,0.343898,18.2165
0.0431138,80.0,0.336255,18.3884
0.0455712,81.0,0.665024,18.5566
0.132106,82.0,0.141379,18.8891
-0.0952346,83.0,0.215905,18.9598
-0.20052,84.0,0.4268,19.0677
-0.00642109,85.0,0.156349,19.2811
0.0422286,86.0,0.178617,19.3593
-0.18365,87.0,0.453681,19.4486
-0.157113,88.0,0.370121,19.6755
-0.0669051,89.0,0.309815,19.8605
-0.104199,90.0,0.272052,20.0154
-0.168437,91.0,0.304429,20.1514
-0.167169,92.0,0.228918,20.3037
-0.0696736,93.0,0.183476,20.4181
-0.272818,94.0,0.0174885,20.5099
-0.179357,95.0,-0.153369,20.5186
-0.211119,96.0,0.305741,20.4419
-0.301263,97.0,-0.0124439,20.5948
-0.00095135,98.0,0.171625,20.5886
0.000818372,99.0,-0.0113216,20.6744
-0.057065,0.0,1.01985,-18.3257
-0.0891765,1.0,0.812221,-17.8157
0.0513201,2.0,1.02217,-17.4096
-0.0268728,3.0,0.930031,-16.8985
0.104398,4.0,0.982337,-16.4335
-0.0286579,5.0,0.91337,-15.9423
-0.000741541,6.0,0.85599,-15.4857
-0.0351355,7.0,0.463352,-15.0577
0.00677955,8.0,0.293517,-14.826
0.00258195,9.0,-0.0987069,-14.6792
0.189032,10.0,-0.333219,-14.7286
-0.0934578,11.0,-0.42084,-14.8952
0.231362,12.0,-0.743301,-15.1056
-0.0881601,13.0,-1.06837,-15.4773
0.082324,14.0,-1.2325,-16.0115
0.252228,15.0,-1.1017,-16.6277
0.00365162,16.0,-0.669814,-17.1786
0.0676559,17.0,-0.744637,-17.5135
0.171517,18.0,-0.758146,-17.8858
0.227392,19.0,-0.505596,-18.2649
0.231902,20.0,-0.450203,-18.5177
0.15911,21.0,0.105734,-18.7428
0.205513,22.0,0.0460219,-18.6899
0.216359,23.0,-0.0322055,-18.6669
0.068012,24.0,-0.233919,-18.683
0.133708,25.0,-0.387342,-18.7999
0.0360078,26.0,0.124111,-18.9936
0.211149,27.0,0.126439,-18.9316
0.196869,28.0,0.34567,-18.8683
0.170934,29.0,0.377193,-18.6955
0.0250417,30.0,0.612418,-18.5069
0.140207,31.0,0.991747,-18.2007
0.142084,32.0,0.997985,-17.7048
0.06135,33.0,0.952504,-17.2058
0.0305085,34.0,1.13549,-16.7296
0.162604,35.0,1.2271,-16.1618
0.121267,36.0,1.31372,-15.5483
0.0612875,37.0,1.09327,-14.8914
0.142569,38.0,1.24848,-14.3448
0.143919,39.0,0.862617,-13.7205
0.0378093,40.0,1.03473,-13.2892
0.194857,41.0,1.18197,-12.7719
-0.0393741,42.0,1.48817,-12.1809
0.0442146,43.0,1.56892,-11.4368
0.132728,44.0,1.50271,-10.6523
-0.0837948,45.0,1.88518,-9.90099
0.0178957,46.0,1.85072,-8.9584
0.100462,47.0,1.68272,-8.03304
-0.0578106,48.0,1.61931,-7.19168
0.0661695,49.0,1.334,-6.38202
-0.0811819,50.0,1.54984,-5.71502
0.113061,51.0,1.3135,-4.9401
0.0218736,52.0,1.64062,-4.28335
-0.0686601,53.0,1.79007,-3.46304
-0.0802286,54.0,1.95461,-2.56801
0.0234916,55.0,1.94035,-1.5907
-0.134231,56.0,2.0341,-0.620526
-0.105482,57.0,1.76162,0.396525
-0.0622869,58.0,1.49973,1.27734
-0.0666507,59.0,1.24815,2.0272
-0.00620282,60.0,1.17163,2.65128
0.0712689,61.0,1.31816,3.23709
0.132234,62.0,1.09732,3.89617
0.0460175,63.0,1.39454,4.44483
-0.0253487,64.0,1.35966,5.1421
0.0100101,65.0,1.1295,5.82193
-0.0613129,66.0,1.51142,6.38668
0.00916982,67.0,1.83122,7.14239
0.0576644,68.0,1.34854,8.05801
-0.059904,69.0,1.98034,8.73228
-0.0591081,70.0,1.71707,9.72245
-0.141034,71.0,1.71057,10.581
0.0323696,72.0,1.22652,11.4363
-0.180249,73.0,1.43247,12.0495
-0.0576766,74.0,1.58304,12.7658
-0.251084,75.0,1.69394,13.5573
-0.154496,76.0,1.91612,14.4043
-0.0456034,77.0,1.57621,15.3623
-0.038842,78.0,1.08883,16.1504
-0.162712,79.0,0.902499,16.6948
-0.0868126,80.0,0.724287,17.1461
0.031248,81.0,1.02536,17.5082
-0.194433,82.0,0.969171,18.0209
-0.00503612,83.0,0.80234,18.5055
-0.104259,84.0,0.290246,18.9067
0.0742193,85.0,0.283853,19.0518
-0.0772928,86.0,0.138339,19.1937
-0.0765204,87.0,-0.182867,19.2629
0.162043,88.0,-0.238563,19.1714
0.0858514,89.0,-0.208283,19.0522
0.290088,90.0,-0.0390516,18.948
0.289443,91.0,-0.167875,18.9285
0.301426,92.0,-0.125547,18.8446
0.196295,93.0,0.121944,18.7818
0.438505,94.0,-0.0600957,18.8428
0.458974,95.0,-0.116754,18.8127
0.541717,96.0,0.238561,18.7543
0.185658,97.0,0.571498,18.8736
-0.00033474,98.0,0.6872,19.1594
0.000595093,99.0,0.310288,19.503
0.203438,0.0,0.591667,-96.0799
0.214285,1.0,0.884851,-95.7841
0.169689,2.0,0.656355,-95.3416
0.278675,3.0,0.933861,-95.0135
0.156486,4.0,1.04386,-94.5465
0.141728,5.0,1.05913,-94.0246
0.167218,6.0,1.05885,-93.495
0.122182,7.0,1.11497,-92.9656
0.211356,8.0,0.80449,-92.4081
0.227197,9.0,1.09844,-92.0059
0.255221,10.0,1.14239,-91.4567
0.300131,11.0,1.51132,-90.8855
0.167046,12.0,1.33814,-90.1298
0.0638955,13.0,1.55858,-89.4607
0.226326,14.0,1.51448,-88.6814
0.179752,15.0,1.76617,-87.9242
0.0638483,16.0,1.9576,-87.0411
0.218135,17.0,2.10097,-86.0623
0.0694129,18.0,2.007,-85.0118
0.217582,19.0,1.8612,-84.0083
0.210647,20.0,1.7635,-83.0777
0.298674,21.0,1.66976,-82.196
0.181347,22.0,1.40171,-81.3611
0.256612,23.0,1.40711,-80.6603
0.138893,24.0,1.52966,-79.9567
0.110082,25.0,1.69868,-79.1919
0.301862,26.0,1.76407,-78.3425
0.130807,27.0,1.87227,-77.4605
0.23463,28.0,1.70921,-76.5244
0.167339,29.0,1.91871,-75.6698
0.281845,30.0,1.69671,-74.7104
0.300148,31.0,1.72944,-73.8621
0.149906,32.0,2.06469,-72.9973
0.07805,33.0,2.23792,-71.965
0.236544,34.0,2.42869,-70.846
0.280957,35.0,2.51213,-69.6317
0.144848,36.0,2.78779,-68.3756
-0.0326637,37.0,2.78855,-66.9817
0.156477,38.0,2.55928,-65.5875
0.0739409,39.0,2.68865,-64.3078
0.14152,40.0,2.78804,-62.9635
0.212126,41.0,2.68126,-61.5695
0.130239,42.0,2.71955,-60.2288
0.186287,43.0,2.84792,-58.8691
-0.0502033,44.0,2.72901,-57.4451
0.0743229,45.0,2.74344,-56.0806
0.179031,46.0,3.1334,-54.7089
0.229139,47.0,2.74827,-53.1422
0.165459,48.0,2.87422,-51.768
0.0962826,49.0,2.9366,-50.3309
0.251662,50.0,2.27814,-48.8626
0.115287,51.0,2.31234,-47.7236
0.0836247,52.0,2.43586,-46.5674
0.218562,53.0,1.99259,-45.3495
0.141466,54.0,2.239,-44.3532
0.187885,55.0,2.4606,-43.2337
0.240932,56.0,2.51504,-42.0034
0.203087,57.0,2.39899,-40.7459
0.0939088,58.0,2.26818,-39.5464
0.120363,59.0,2.30557,-38.4123
0.0098213,60.0,2.89969,-37.2595
0.0489615,61.0,3.25391,-35.8096
-0.186871,62.0,3.81904,-34.1827
-0.0354935,63.0,3.73677,-32.2732
-0.0622709,64.0,3.59974,-30.4048
-0.114751,65.0,3.47568,-28.6049
0.0652088,66.0,3.2009,-26.8671
-0.0973549,67.0,2.98352,-25.2666
-0.139358,68.0,3.00631,-23.7749
0.0282718,69.0,2.97105,-22.2717
-0.167836,70.0,3.18714,-20.7862
-0.154909,71.0,3.47401,-19.1926
-0.157289,72.0,3.52695,-17.4556
-0.0972905,73.0,3.2068,-15.6921
-0.29559,74.0,3.2921,-14.0887
-0.136844,75.0,2.85188,-12.4427
-0.178314,76.0,2.74941,-11.0167
-0.295299,77.0,2.79257,-9.64203
-0.23453,78.0,2.46836,-8.24575
-0.22159,79.0,2.49478,-7.01157
-0.277685,80.0,2.35392,-5.76418
-0.292629,81.0,2.1916,-4.58722
-0.178387,82.0,1.94749,-3.49142
-0.243739,83.0,1.90305,-2.51768
-0.256234,84.0,1.91542,-1.56615
-0.325578,85.0,1.67068,-0.608442
-0.280311,86.0,1.61722,0.2269
-0.337474,87.0,1.56533,1.03551
-0.458368,88.0,1.62155,1.81818
-0.260117,89.0,0.914063,2.62895
-0.381845,90.0,0.568618,3.08598
-0.323503,91.0,0.377012,3.37029
0.0261258,92.0,0.324206,3.5588
-0.21685,93.0,0.629427,3.7209
-0.385385,94.0,0.666309,4.03561
-0.39099,95.0,0.665313,4.36877
-0.339622,96.0,0.291992,4.70143
-0.46804,97.0,0.409065,4.84742
0.00204277,98.0,0.282976,5.05195
0.00564849,99.0,0.482621,5.19344
0.488141,0.0,-2.08265,-154.667
0.451245,1.0,-1.39936,-155.709
0.325201,2.0,-1.47021,-156.408
0.292365,3.0,-1.149,-157.144
0.476409,4.0,-1.24226,-157.718
0.376993,5.0,-1.15249,-158.339
0.370271,6.0,-0.758391,-158.915
0.451614,7.0,-0.543225,-159.295
0.451848,8.0,0.162589,-159.566
0.375614,9.0,0.354532,-159.485
0.438629,10.0,0.406431,-159.308
0.417416,11.0,0.553453,-159.104
0.489737,12.0,0.650267,-158.828
0.423086,13.0,1.00154,-158.503
0.277466,14.0,1.38577,-158.002
0.438599,15.0,1.32872,-157.309
0.457845,16.0,1.66421,-156.645
0.344378,17.0,1.90153,-155.812
0.303738,18.0,2.30581,-154.862
0.43955,19.0,2.48915,-153.709
0.355121,20.0,2.62782,-152.464
0.324957,21.0,2.51202,-151.15
0.358418,22.0,2.66803,-149.894
0.445224,23.0,2.87041,-148.56
0.311821,24.0,2.75791,-147.125
0.305052,25.0,2.95938,-145.746
0.352478,26.0,3.20105,-144.266
0.399569,27.0,3.14295,-142.666
0.252687,28.0,3.41481,-141.094
0.353882,29.0,3.17263,-139.387
0.437459,30.0,3.22005,-137.801
0.497168,31.0,3.2586,-136.191
0.29226,32.0,3.12899,-134.561
0.476309,33.0,3.42798,-132.997
0.315547,34.0,3.76283,-131.283
0.341654,35.0,4.15973,-129.401
0.499366,36.0,4.25957,-127.322
0.48367,37.0,4.45525,-125.192
0.364913,38.0,4.95605,-122.964
0.320014,39.0,5.37086,-120.486
0.108204,40.0,5.55898,-117.801
0.422513,41.0,5.10914,-115.021
0.339358,42.0,5.18499,-112.467
0.398965,43.0,5.06146,-109.874
0.366715,44.0,5.3535,-107.343
0.464281,45.0,5.27316,-104.667
0.323346,46.0,5.45987,-102.03
0.410725,47.0,5.46537,-99.3002
0.332674,48.0,5.77647,-96.5675
0.482194,49.0,5.8924,-93.6793
0.257488,50.0,6.07232,-90.7331
0.295996,51.0,6.48663,-87.6969
0.216771,52.0,6.55571,-84.4536
0.223992,53.0,6.64105,-81.1758
0.182177,54.0,6.35319,-77.8552
0.171179,55.0,6.27272,-74.6786
0.0808939,56.0,6.87022,-71.5423
0.064366,57.0,6.8565,-68.1072
-0.122878,58.0,7.42687,-64.6789
0.0417006,59.0,7.44945,-60.9655
-0.0909072,60.0,7.72182,-57.2408
-0.156139,61.0,7.63424,-53.3798
-0.243478,62.0,7.38544,-49.5627
-0.275615,63.0,7.24411,-45.87
-0.23449,64.0,7.19305,-42.2479
-0.392841,65.0,7.40024,-38.6514
-0.30658,66.0,7.39203,-34.9513
-0.408841,67.0,7.34665,-31.2553
-0.393068,68.0,7.02572,-27.582
-0.330956,69.0,6.78732,-24.0691
-0.277898,70.0,6.71207,-20.6754
-0.343006,71.0,6.42527,-17.3194
-0.446642,72.0,6.23407,-14.1068
-0.363148,73.0,5.94881,-10.9897
-0.436759,74.0,5.8357,-8.01533
-0.404391,75.0,5.61218,-5.09748
-0.371684,76.0,5.43607,-2.29139
-0.366565,77.0,5.21943,0.42664
-0.447387,78.0,4.97768,3.03635
-0.403374,79.0,4.44535,5.52519
-0.312069,80.0,4.34813,7.74787
-0.350206,81.0,4.31151,9.92193
-0.38469,82.0,3.87428,12.0777
-0.488573,83.0,3.51976,14.0148
-0.442427,84.0,3.45932,15.7747
-0.52718,85.0,3.05105,17.5044
-0.557142,86.0,3.02953,19.0299
-0.350658,87.0,2.96312,20.5447
-0.435208,88.0,2.95869,22.0262
-0.457188,89.0,2.77394,23.5056
-0.410743,90.0,2.58879,24.8925
-0.454108,91.0,2.50096,26.1869
-0.503012,92.0,1.9751,27.4374
-0.520808,93.0,1.86478,28.425
-0.495013,94.0,2.0199,29.3574
-0.469177,95.0,1.34122,30.3673
-0.179141,96.0,1.0065,31.0379
-0.436198,97.0,0.867849,31.5412
-0.039815,98.0,0.617688,31.9751
-0.0258711,99.0,0.629361,32.2839
0.151698,0.0,-0.498174,-11.4421
0.14892,1.0,-0.337049,-11.6912
0.160958,2.0,0.00858095,-11.8597
0.0981569,3.0,-0.194247,-11.8555
0.0591933,4.0,0.148589,-11.9526
0.163221,5.0,0.651974,-11.8783
0.101369,6.0,1.01674,-11.5523
0.150612,7.0,1.3063,-11.0439
0.134555,8.0,1.35256,-10.3908
0.191866,9.0,1.4131,-9.7145
0.150571,10.0,1.6863,-9.00795
0.136647,11.0,2.07257,-8.1648
0.0689422,12.0,2.10439,-7.12851
0.0295391,13.0,2.36636,-6.07632
-0.0210068,14.0,2.20342,-4.89314
0.0134352,15.0,2.26712,-3.79143
-0.0972684,16.0,2.40563,-2.65786
0.124074,17.0,1.96253,-1.45505
0.0344326,18.0,2.14626,-0.473783
-0.0325491,19.0,2.13134,0.599345
-0.0201884,20.0,1.99533,1.66502
-0.103283,21.0,2.0467,2.66268
-0.0143936,22.0,2.02119,3.68603
0.056899,23.0,2.22483,4.69663
0.0745792,24.0,2.38866,5.80904
0.0531331,25.0,2.04703,7.00337
0.113787,26.0,2.30508,8.02689
0.103137,27.0,2.30745,9.17943
0.0403948,28.0,2.18751,10.3332
-0.0626845,29.0,2.50648,11.4269
0.0099647,30.0,2.61973,12.6801
-0.030556,31.0,3.03002,13.99
0.0407221,32.0,2.9959,15.505
-0.161084,33.0,2.97615,17.003
0.00929296,34.0,3.04897,18.491
-0.0936292,35.0,3.00336,20.0155
-0.213835,36.0,3.26097,21.5172
-0.225577,37.0,3.13507,23.1477
-0.027905,38.0,3.10084,24.7152
-0.0185239,39.0,2.91998,26.2657
-0.10687,40.0,2.78673,27.7256
-0.00765216,41.0,2.61827,29.119
0.0126034,42.0,2.15686,30.4281
-0.13738,43.0,2.2694,31.5066
-0.0934413,44.0,2.38677,32.6413
-0.143488,45.0,2.2499,33.8347
0.070895,46.0,2.05513,34.9596
-0.066806,47.0,2.40637,35.9872
-0.0720525,48.0,2.41115,37.1904
-0.0468011,49.0,2.29123,38.3959
0.0320116,50.0,2.03274,39.5415
0.0307844,51.0,1.56659,40.5579
-0.0349293,52.0,1.62232,41.3412
-0.083115,53.0,1.74502,42.1524
-0.167742,54.0,1.61895,43.0249
-0.129541,55.0,1.65457,43.8344
0.0100813,56.0,1.30339,44.6616
-0.0967486,57.0,1.40527,45.3133
-0.0472008,58.0,1.4439,46.016
-0.0297396,59.0,1.43438,46.7379
-0.186862,60.0,1.73729,47.4551
-0.219122,61.0,1.54248,48.3238
-0.132039,62.0,1.68269,49.095
-0.252793,63.0,1.63233,49.9363
-0.118519,64.0,1.27493,50.7525
-0.0228279,65.0,0.712661,51.39
-0.14334,66.0,0.408678,51.7463
-0.129626,67.0,0.457051,51.9506
0.135305,68.0,0.144356,52.1792
0.0423982,69.0,0.0912551,52.2514
-0.0497454,70.0,0.422337,52.297
0.0160646,71.0,0.543914,52.5082
0.0035454,72.0,0.214058,52.7801
0.0477829,73.0,0.131371,52.8871
-0.0839658,74.0,0.101032,52.9528
0.164592,75.0,-0.0797206,53.0033
0.122368,76.0,0.476856,52.9635
0.0388321,77.0,0.508947,53.2019
-0.0653597,78.0,0.748284,53.4564
-0.100243,79.0,0.863486,53.8305
-0.217861,80.0,1.28004,54.2623
-0.326431,81.0,1.19466,54.9023
-0.180734,82.0,0.887118,55.4996
0.00604177,83.0,0.960845,55.9432
-0.166735,84.0,0.717626,56.4236
-0.325848,85.0,0.613688,56.7824
-0.192781,86.0,0.257811,57.0893
-0.0806459,87.0,0.0526544,57.2182
0.0545791,88.0,-0.165838,57.2445
-0.0219985,89.0,-0.402355,57.1616
0.155104,90.0,-0.727124,56.9604
0.0357966,91.0,-0.575799,56.5968
-0.0213433,92.0,-0.252755,56.3089
0.135167,93.0,-0.528103,56.1826
0.0359447,94.0,-0.939489,55.9185
0.254932,95.0,-0.64909,55.4488
0.307891,96.0,-0.271167,55.1242
0.483069,97.0,-0.391538,54.9886
-0.00120163,98.0,0.113431,54.7929
-0.000923276,99.0,0.21078,54.8496
0.280457,0.0,-9.42901,179.259
0.182239,1.0,-9.49656,174.545
0.252279,2.0,-9.3579,169.797
0.171185,3.0,-9.36555,165.118
0.174018,4.0,-9.3223,160.435
0.18572,5.0,-9.45434,155.774
0.370893,6.0,-9.25568,151.046
0.315393,7.0,-9.31561,146.419
0.239312,8.0,-9.03971,141.761
0.297544,9.0,-8.83283,137.241
0.234329,10.0,-8.47595,132.825
0.262912,11.0,-8.46307,128.587
0.249605,12.0,-8.05352,124.355
0.165406,13.0,-7.86836,120.328
0.211107,14.0,-7.6043,116.394
0.150405,15.0,-7.46693,112.592
0.237441,16.0,-7.18706,108.858
0.2603,17.0,-6.91378,105.265
0.120874,18.0,-6.77051,101.808
0.171967,19.0,-7.10394,98.4228
0.242969,20.0,-7.12793,94.8708
0.299298,21.0,-6.83331,91.3069
0.0172381,22.0,-6.86851,87.8902
0.323053,23.0,-6.87286,84.456
0.26397,24.0,-7.00684,81.0195
0.294284,25.0,-6.64676,77.5161
0.162945,26.0,-6.11752,74.1927
0.133653,27.0,-5.60048,71.134
0.239586,28.0,-5.8703,68.3337
0.0513303,29.0,-5.53102,65.3986
0.241261,30.0,-5.22473,62.6331
0.168746,31.0,-5.49813,60.0207
0.15675,32.0,-5.55512,57.2716
0.369049,33.0,-5.92781,54.4941
0.225489,34.0,-5.20663,51.5302
0.251937,35.0,-5.42551,48.9269
0.282936,36.0,-5.60613,46.2141
0.321824,37.0,-5.19232,43.411
0.293816,38.0,-5.39544,40.8149
0.264764,39.0,-5.12905,38.1172
0.167795,40.0,-5.29168,35.5526
0.215724,41.0,-4.68469,32.9068
0.163601,42.0,-4.309,30.5645
0.210721,43.0,-4.27138,28.41
0.164025,44.0,-4.08269,26.2743
0.190606,45.0,-4.16185,24.2329
0.300886,46.0,-4.07516,22.152
0.236342,47.0,-3.75809,20.1144
0.243817,48.0,-3.72352,18.2354
0.292755,49.0,-3.52998,16.3736
0.231496,50.0,-3.53987,14.6086
0.281692,51.0,-3.84469,12.8387
0.240147,52.0,-4.10345,10.9163
0.363308,53.0,-3.87072,8.86462
0.368545,54.0,-3.91823,6.92926
0.497023,55.0,-3.52824,4.97014
0.190454,56.0,-3.25206,3.20602
0.452597,57.0,-3.2854,1.58
0.470162,58.0,-3.01455,-0.0627035
0.286417,59.0,-2.50523,-1.56998
0.460355,60.0,-2.40511,-2.82259
0.300542,61.0,-2.20136,-4.02515
0.477048,62.0,-1.935,-5.12583
0.353704,63.0,-1.44177,-6.09333
0.379293,64.0,-1.1796,-6.81421
0.381981,65.0,-1.18334,-7.40401
0.320135,66.0,-1.23383,-7.99568
0.278297,67.0,-1.37459,-8.6126
0.493162,68.0,-1.20134,-9.2999
0.477193,69.0,-0.846856,-9.90057
0.416484,70.0,-0.336814,-10.324
0.292464,71.0,-0.362607,-10.4924
0.387529,72.0,0.105471,-10.6737
0.187291,73.0,0.866943,-10.621
0.402769,74.0,0.748196,-10.1875
0.279521,75.0,0.910562,-9.8134
0.445609,76.0,1.02676,-9.35812
0.311788,77.0,1.32247,-8.84474
0.143181,78.0,1.55271,-8.18351
0.379453,79.0,2.13959,-7.40715
0.230138,80.0,2.37674,-6.33736
0.177228,81.0,2.23346,-5.14899
-0.0806153,82.0,2.85785,-4.03226
-0.0728632,83.0,3.03891,-2.60333
-0.25577,84.0,3.17105,-1.08388
-0.346046,85.0,3.20103,0.501649
-0.407362,86.0,3.02212,2.10216
-0.101422,87.0,2.62138,3.61322
-0.291717,88.0,2.75698,4.92391
-0.185542,89.0,2.06415,6.30241
-0.494716,90.0,2.14986,7.33448
-0.417698,91.0,1.83926,8.40941
-0.217656,92.0,1.58341,9.32904
-0.116015,93.0,1.3082,10.1207
-0.476044,94.0,1.24064,10.7748
-0.395832,95.0,0.647538,11.3952
-0.436212,96.0,0.845136,11.7189
-0.593802,97.0,0.591497,12.1415
-0.00135309,98.0,0.254456,12.4373
0.00293839,99.0,0.606548,12.5645
0.451663,0.0,-0.251774,-141.881
0.293856,1.0,0.097396,-142.007
0.428797,2.0,0.257774,-141.958
0.441844,3.0,0.213662,-141.829
0.363387,4.0,0.308721,-141.723
0.414863,5.0,-0.00616893,-141.568
0.303728,6.0,0.356389,-141.571
0.380298,7.0,0.496526,-141.393
0.434476,8.0,0.905147,-141.145
0.373011,9.0,0.483838,-140.692
0.414131,10.0,0.26634,-140.45
0.364369,11.0,0.14634,-140.317
0.403132,12.0,0.513678,-140.244
0.325823,13.0,0.850558,-139.987
0.395281,14.0,1.32765,-139.562
0.325124,15.0,1.56396,-138.898
0.379738,16.0,1.69162,-138.116
0.441553,17.0,1.93929,-137.27
0.311775,18.0,2.12134,-136.301
0.404894,19.0,1.95196,-135.24
0.267346,20.0,2.24943,-134.264
0.455027,21.0,2.34028,-133.139
0.365371,22.0,2.37211,-131.969
0.183719,23.0,2.5509,-130.783
0.24899,24.0,2.60515,-129.508
0.387587,25.0,2.57734,-128.205
0.281536,26.0,3.25997,-126.916
0.462671,27.0,3.54438,-125.286
0.32148,28.0,4.16238,-123.514
0.314504,29.0,4.52649,-121.433
0.380454,30.0,4.50957,-119.17
0.294678,31.0,4.29917,-116.915
0.24385,32.0,4.42697,-114.765
0.424388,33.0,4.37212,-112.552
0.222297,34.0,4.9351,-110.366
0.287504,35.0,5.0506,-107.898
0.315406,36.0,5.64637,-105.373
0.209361,37.0,5.79243,-102.55
0.118992,38.0,5.86692,-99.6536
0.175613,39.0,6.07955,-96.7201
0.0573832,40.0,6.1799,-93.6804
0.0166955,41.0,6.52776,-90.5904
0.178093,42.0,6.24333,-87.3265
0.149418,43.0,6.39356,-84.2049
-0.0375363,44.0,6.51364,-81.0081
0.0810429,45.0,6.22795,-77.7513
0.0920216,46.0,6.44434,-74.6373
-0.00702113,47.0,6.56799,-71.4151
-0.076048,48.0,7.06474,-68.1311
-0.129744,49.0,6.95365,-64.5988
-0.219884,50.0,6.64628,-61.1219
-0.135523,51.0,6.3935,-57.7988
-0.193499,52.0,6.60318,-54.602
0.000269055,53.0,6.20639,-51.3005
-0.165247,54.0,6.13884,-48.1973
-0.0627251,55.0,5.71259,-45.1278
-0.0156539,56.0,5.06477,-42.2715
0.0160557,57.0,5.22532,-39.7392
0.00592291,58.0,4.95688,-37.1265
-0.0275404,59.0,4.1901,-34.6481
0.171603,60.0,4.24549,-32.553
-0.0467461,61.0,4.45224,-30.4303
0.130396,62.0,4.17194,-28.2041
0.12637,63.0,4.54585,-26.1182
-0.109522,64.0,4.43298,-23.8452
0.116456,65.0,4.42973,-21.6288
-0.115274,66.0,4.30623,-19.4139
-0.025678,67.0,4.08012,-17.2608
-0.12985,68.0,4.04562,-15.2207
-0.165217,69.0,3.93308,-13.1979
-0.160333,70.0,4.14837,-11.2314
-0.0891231,71.0,4.22014,-9.15718
-0.160547,72.0,4.12968,-7.04711
-0.286003,73.0,3.8875,-4.98227
-0.0821415,74.0,3.86996,-3.03852
-0.294789,75.0,3.82934,-1.10354
-0.10497,76.0,3.80582,0.811123
-0.236039,77.0,3.96182,2.71403
-0.322143,78.0,3.85618,4.69494
-0.365068,79.0,3.98762,6.62304
-0.343002,80.0,3.97933,8.61685
-0.524934,81.0,3.96983,10.6065
-0.344902,82.0,3.59476,12.5914
-0.478711,83.0,3.41604,14.3888
-0.354511,84.0,3.0329,16.0968
-0.360896,85.0,2.78651,17.6133
-0.517837,86.0,2.55217,19.0065
-0.363005,87.0,2.08273,20.2826
-0.333977,88.0,1.70252,21.324
-0.374522,89.0,1.48208,22.1752
-0.510747,90.0,0.961274,22.9163
-0.416318,91.0,0.380118,23.3969
-0.485453,92.0,0.07551,23.587
-0.535562,93.0,-0.129672,23.6247
-0.335668,94.0,-0.161132,23.5599
-0.567455,95.0,-0.48206,23.4793
-0.528551,96.0,-0.601577,23.2383
-0.496705,97.0,-0.84304,22.9375
0.00331151,98.0,-0.855659,22.516
-0.00388891,99.0,-0.8986,22.0882
0.0562311,0.0,0.00365949,60.1516
-0.0159157,1.0,-0.26138,60.1534
-0.0577198,2.0,-0.395233,60.0227
-0.144729,3.0,-0.525737,59.8251
0.0542541,4.0,-0.622286,59.5622
0.061775,5.0,-0.669259,59.2511
0.0095017,6.0,-0.462083,58.9165
-0.191231,7.0,-0.174911,58.6854
-0.0689376,8.0,-0.193153,58.598
-0.153384,9.0,-0.486637,58.5014
0.00139213,10.0,-0.722723,58.2581
-0.110903,11.0,-0.546358,57.8967
-0.045108,12.0,-0.771274,57.6235
0.0289036,13.0,-0.435926,57.2379
-0.0624868,14.0,-0.685975,57.0199
0.0448854,15.0,-0.656096,56.6769
-0.127377,16.0,-0.995559,56.3489
-0.0379372,17.0,-1.14689,55.8511
0.0483595,18.0,-1.45897,55.2777
-0.0681642,19.0,-1.30606,54.5482
-0.0587128,20.0,-1.08299,53.8952
-0.149946,21.0,-0.956887,53.3537
0.0579891,22.0,-0.702413,52.8752
0.0499319,23.0,-0.594421,52.524
-0.0371715,24.0,-0.469401,52.2268
-0.0813132,25.0,-0.421138,51.9921
-0.0238248,26.0,-0.43638,51.7815
-0.167235,27.0,-0.157665,51.5634
-0.139441,28.0,0.01131,51.4845
-0.0479948,29.0,0.0331983,51.4902
-0.124373,30.0,-0.25625,51.5068
-0.121281,31.0,-0.300265,51.3786
-0.00929993,32.0,-0.763804,51.2285
-0.160828,33.0,-0.511938,50.8466
-0.0586966,34.0,-0.67332,50.5906
-0.0201038,35.0,-0.436524,50.254
-0.0322281,36.0,-0.114259,50.0357
-0.0881214,37.0,0.105914,49.9786
-0.208573,38.0,0.247316,50.0316
-0.163695,39.0,0.183185,50.1552
-0.142294,40.0,0.119003,50.2468
-0.222279,41.0,-0.112035,50.3063
-0.259198,42.0,-0.114277,50.2503
-0.203507,43.0,0.151506,50.1931
-0.1857,44.0,0.233793,50.2689
-0.240679,45.0,0.0699894,50.3858
-0.034343,46.0,-0.352648,50.4208
-0.173057,47.0,-0.136649,50.2445
-0.0481948,48.0,-0.49073,50.1761
-0.274332,49.0,-0.101472,49.9308
-0.0670641,50.0,0.0465644,49.88
-0.327513,51.0,0.241064,49.9033
-0.305386,52.0,0.226537,50.0239
0.0717568,53.0,-0.131042,50.1371
-0.191329,54.0,-0.190112,50.0716
-0.287328,55.0,-0.117247,49.9766
-0.196312,56.0,-0.415356,49.9179
-0.240935,57.0,-0.513332,49.7102
-0.291382,58.0,-0.444747,49.4536
-0.1488,59.0,-0.681469,49.2312
-0.260295,60.0,-0.488357,48.8905
-0.296698,61.0,-0.637738,48.6463
-0.193085,62.0,-1.10447,48.3274
-0.147669,63.0,-1.26381,47.7752
-0.371512,64.0,-0.988814,47.1433
-0.139975,65.0,-1.3337,46.6489
-0.155163,66.0,-1.44561,45.982
-0.132495,67.0,-1.69299,45.2592
-0.0139608,68.0,-2.03227,44.4127
-0.186275,69.0,-2.00686,43.3966
-0.0945835,70.0,-1.79956,42.3932
-0.190885,71.0,-1.86316,41.4934
-0.183,72.0,-2.17927,40.5618
-0.136652,73.0,-2.07664,39.4722
-0.126945,74.0,-2.17394,38.4338
-0.071012,75.0,-2.1274,37.3469
0.0411869,76.0,-1.80315,36.2832
-0.0363536,77.0,-1.9719,35.3816
0.0204043,78.0,-2.14339,34.3956
0.11329,79.0,-2.35258,33.324
0.0489269,80.0,-2.41868,32.1477
0.00838304,81.0,-2.04586,30.9383
-0.0512539,82.0,-1.9497,29.9154
0.191115,83.0,-2.26721,28.9405
0.197854,84.0,-2.37165,27.8069
0.164239,85.0,-2.34532,26.6211
0.271035,86.0,-2.07308,25.4484
0.356192,87.0,-1.87644,24.4119
0.31782,88.0,-1.71674,23.4737
0.434991,89.0,-1.68619,22.6153
0.40052,90.0,-1.53614,21.7722
0.326347,91.0,-1.60642,21.0042
0.547155,92.0,-1.73332,20.2009
0.375566,93.0,-1.52228,19.3343
0.383306,94.0,-1.36679,18.5731
0.483772,95.0,-1.10828,17.8897
0.461438,96.0,-0.936613,17.3356
0.555948,97.0,-0.768338,16.8673
-0.00560629,98.0,-0.557619,16.4831
-0.00637847,99.0,-0.379855,16.2043
-0.0456289,0.0,-0.993761,75.1965
-0.134847,1.0,-1.08939,74.6996
-0.0623261,2.0,-1.23579,74.1549
-0.115091,3.0,-1.18033,73.537
-0.125309,4.0,-0.859979,72.9469
-0.183561,5.0,-1.19754,72.5169
0.028667,6.0,-1.3667,71.9181
-0.23745,7.0,-1.36697,71.2347
-0.0612027,8.0,-1.11019,70.5513
-0.0528822,9.0,-1.26213,69.9962
-0.205087,10.0,-1.25147,69.3651
0.00997722,11.0,-1.49099,68.7394
-0.121475,12.0,-1.45946,67.9939
-0.0237756,13.0,-1.51151,67.2641
-0.208447,14.0,-1.33602,66.5084
-0.138126,15.0,-1.30177,65.8404
-0.165969,16.0,-1.37552,65.1895
-0.102045,17.0,-1.33307,64.5017
-0.117799,18.0,-1.14957,63.8352
-0.170707,19.0,-1.06306,63.2604
-0.129379,20.0,-0.916895,62.7289
-0.159705,21.0,-1.12366,62.2704
-0.0842898,22.0,-1.26955,61.7086
-0.183162,23.0,-0.965604,61.0738
-0.168502,24.0,-0.770045,60.591
-0.235816,25.0,-0.856689,60.206
-0.0916661,26.0,-0.929204,59.7777
-0.162968,27.0,-1.13435,59.3131
-0.0852366,28.0,-1.23307,58.7459
-0.10957,29.0,-1.46331,58.1293
-0.155036,30.0,-1.56914,57.3977
-0.218942,31.0,-1.75354,56.6131
-0.0553024,32.0,-1.72034,55.7364
-0.0699875,33.0,-1.55114,54.8762
0.0729787,34.0,-1.48186,54.1006
-0.0283552,35.0,-1.7105,53.3597
-0.0689779,36.0,-1.91058,52.5044
0.0132338,37.0,-1.87428,51.5491
0.0492224,38.0,-1.96605,50.612
-0.149413,39.0,-2.01784,49.629
-0.125965,40.0,-1.68448,48.6201
-0.234937,41.0,-1.57932,47.7778
-0.119777,42.0,-1.5563,46.9882
-0.215794,43.0,-1.42545,46.21
-0.105849,44.0,-1.34853,45.4973
-0.106826,45.0,-1.27013,44.823
-0.193104,46.0,-1.38256,44.188
-0.00683963,47.0,-1.28226,43.4967
-0.0770431,48.0,-1.04865,42.8556
-0.279082,49.0,-0.761459,42.3312
-0.305148,50.0,-0.446164,41.9505
-0.25743,51.0,-0.453891,41.7274
-0.229646,52.0,-0.85906,41.5005
-0.217375,53.0,-0.786692,41.0709
-0.0876557,54.0,-0.876248,40.6776
-0.314291,55.0,-0.652044,40.2395
-0.233154,56.0,-0.729962,39.9134
-0.282999,57.0,-0.56424,39.5485
-0.337467,58.0,-0.84747,39.2663
-0.269812,59.0,-1.06256,38.8426
-0.326979,60.0,-1.21648,38.3113
-0.343777,61.0,-1.08329,37.7031
-0.2884,62.0,-1.38358,37.1614
-0.283358,63.0,-1.89507,36.4697
-0.0936255,64.0,-2.46516,35.5221
-0.293113,65.0,-2.17382,34.2895
-0.282491,66.0,-2.48434,33.2026
0.0273155,67.0,-2.82797,31.9605
-0.0648031,68.0,-3.08915,30.5465
0.0283964,69.0,-3.09086,29.0019
0.0660192,70.0,-3.21428,27.4565
0.233528,71.0,-3.86269,25.8493
0.248858,72.0,-3.38468,23.918
0.073236,73.0,-3.29688,22.2257
0.173023,74.0,-3.26354,20.5772
0.386759,75.0,-3.50006,18.9454
0.266674,76.0,-2.95351,17.1954
0.265391,77.0,-2.86387,15.7187
0.243631,78.0,-2.79195,14.2867
0.173837,79.0,-2.60326,12.8907
0.259221,80.0,-2.73017,11.5891
0.184126,81.0,-2.70348,10.224
0.303248,82.0,-2.20364,8.87228
0.26659,83.0,-2.31633,7.77047
0.167708,84.0,-1.89289,6.6123
0.348384,85.0,-2.09953,5.66586
0.319726,86.0,-1.91197,4.61609
0.109546,87.0,-1.36043,3.6601
0.389659,88.0,-1.54579,2.97989
0.255866,89.0,-0.831743,2.207
0.281744,90.0,-0.720923,1.79112
0.431601,91.0,-0.678976,1.43066
0.377571,92.0,-0.723604,1.09117
0.281635,93.0,-0.564338,0.729373
0.492115,94.0,-0.490476,0.447204
0.575147,95.0,-0.453379,0.201966
0.565808,96.0,-0.140695,-0.0247232
0.558844,97.0,0.244852,-0.0950707
0.000198007,98.0,0.935378,0.0273553
-0.00183982,99.0,0.525948,0.495044
-0.240596,0.0,1.26261,79.918
-0.0699204,1.0,0.874395,80.5493
-0.216715,2.0,0.873858,80.9865
-0.189558,3.0,0.776425,81.4234
0.00380349,4.0,0.975714,81.8116
-0.258456,5.0,1.16092,82.2995
-0.285403,6.0,0.729371,82.88
-0.253342,7.0,0.589414,83.2446
-0.342302,8.0,0.524122,83.5394
-0.196111,9.0,0.547959,83.8014
-0.24185,10.0,0.456081,84.0754
-0.18244,11.0,0.270222,84.3034
-0.238369,12.0,0.558853,84.4385
-0.270586,13.0,0.439975,84.718
-0.309045,14.0,0.202468,84.938
-0.228052,15.0,0.0731279,85.0392
-0.168127,16.0,0.137578,85.0758
-0.376026,17.0,-0.00504001,85.1445
-0.189271,18.0,-0.371194,85.142
-0.327288,19.0,-0.462398,84.9564
-0.309256,20.0,-0.568671,84.7252
-0.318895,21.0,-0.697069,84.4409
-0.365874,22.0,-0.998115,84.0924
-0.048355,23.0,-1.1892,83.5933
-0.22454,24.0,-1.09466,82.9987
-0.259142,25.0,-1.00407,82.4514
-0.237109,26.0,-0.960258,81.9493
-0.186141,27.0,-0.799456,81.4692
-0.396015,28.0,-0.552799,81.0695
-0.310614,29.0,-0.331494,80.7931
-0.255309,30.0,-0.267173,80.6273
-0.258444,31.0,-0.273931,80.4938
-0.217826,32.0,-0.73583,80.3568
-0.270375,33.0,-1.16172,79.9889
-0.11937,34.0,-0.987561,79.408
-0.288248,35.0,-1.24087,78.9142
-0.0808139,36.0,-1.61963,78.2938
-0.270517,37.0,-1.93879,77.484
-0.300067,38.0,-2.4351,76.5146
-0.281704,39.0,-2.01811,75.297
-0.193283,40.0,-2.41576,74.288
-0.257917,41.0,-2.41761,73.0801
-0.331199,42.0,-2.90021,71.8713
-0.0980708,43.0,-3.20361,70.4212
-0.0309523,44.0,-3.51967,68.8194
-0.15666,45.0,-3.42897,67.0595
-0.169453,46.0,-3.2581,65.3451
-0.250754,47.0,-3.38306,63.716
-0.115562,48.0,-3.99198,62.0245
-0.00507104,49.0,-4.0636,60.0285
0.0560049,50.0,-3.9495,57.9967
-0.0346926,51.0,-3.75583,56.0219
-0.142833,52.0,-3.96651,54.144
-0.0579239,53.0,-4.14992,52.1608
0.153876,54.0,-4.47507,50.0858
0.222386,55.0,-4.54677,47.8483
0.144218,56.0,-4.47601,45.5749
0.0644504,57.0,-4.57829,43.3369
0.221053,58.0,-4.36038,41.0477
0.0981808,59.0,-3.92819,38.8675
0.0139946,60.0,-3.596,36.9035
0.0866007,61.0,-3.35071,35.1054
-0.0665875,62.0,-3.03885,33.4301
0.131391,63.0,-3.15764,31.9107
0.060115,64.0,-2.68286,30.3318
-0.0300786,65.0,-2.4351,28.9904
-0.0642046,66.0,-2.13265,27.7729
-0.0740895,67.0,-2.02107,26.7065
-0.107718,68.0,-2.44008,25.696
-0.0446251,69.0,-2.64602,24.476
0.0368857,70.0,-2.91464,23.153
0.190936,71.0,-2.89673,21.6956
0.197645,72.0,-2.74483,20.2473
0.00403106,73.0,-2.54164,18.8748
0.175438,74.0,-2.5895,17.604
0.0417807,75.0,-2.50198,16.3093
-0.00277722,76.0,-2.09847,15.0583
0.0737718,77.0,-2.05852,14.0091
-0.0690417,78.0,-1.59959,12.9798
-0.00328982,79.0,-1.64727,12.18
0.0516706,80.0,-1.7184,11.3564
-0.0855002,81.0,-1.50979,10.4972
0.0747597,82.0,-1.75103,9.74227
-0.0562739,83.0,-1.50838,8.86676
0.232324,84.0,-1.92364,8.11257
0.200493,85.0,-1.61316,7.15075
0.0128069,86.0,-1.08333,6.34417
-0.105277,87.0,-1.07222,5.80251
0.0389824,88.0,-1.18244,5.26639
0.111732,89.0,-1.15453,4.67517
0.139088,90.0,-1.39515,4.09791
0.249123,91.0,-1.37082,3.40034
0.106802,92.0,-1.23827,2.71493
0.262714,93.0,-1.10779,2.09579
0.260978,94.0,-0.966302,1.5419
0.20074,95.0,-1.08219,1.05875
0.404148,96.0,-0.52841,0.517654
0.328433,97.0,-0.506503,0.25345
-0.00408238,98.0,-0.136454,0.000197917
0.00178325,99.0,-0.689685,-0.0680291
0.252478,0.0,0.432396,-102.141
0.335302,1.0,0.86044,-101.925
0.18941,2.0,0.95405,-101.495
0.165428,3.0,1.19271,-101.018
0.298762,4.0,1.30224,-100.422
0.276915,5.0,1.46369,-99.7706
0.345498,6.0,1.09363,-99.0387
0.0779202,7.0,1.69057,-98.4919
0.238037,8.0,1.56837,-97.6466
0.204098,9.0,1.84779,-96.8624
0.0744512,10.0,2.19257,-95.9385
0.29405,11.0,2.19407,-94.8422
0.149428,12.0,2.61873,-93.7452
0.172005,13.0,2.74683,-92.4358
0.209978,14.0,2.83984,-91.0624
0.105522,15.0,3.03861,-89.6425
0.089936,16.0,3.13778,-88.1232
0.125194,17.0,3.11742,-86.5543
0.159816,18.0,2.83923,-84.9956
0.166571,19.0,2.90456,-83.576
0.248894,20.0,3.02663,-82.1237
0.0718967,21.0,3.2222,-80.6104
0.152293,22.0,3.26483,-78.9993
0.17658,23.0,2.98637,-77.3669
0.247109,24.0,3.02969,-75.8737
0.141206,25.0,2.95233,-74.3588
0.135947,26.0,3.18321,-72.8827
0.0238937,27.0,3.57486,-71.2911
0.0332907,28.0,3.75318,-69.5036
0.0933424,29.0,3.9026,-67.627
-0.0321144,30.0,4.09325,-65.6757
0.161052,31.0,3.82687,-63.6291
0.144634,32.0,4.0311,-61.7157
-0.0290412,33.0,4.02298,-59.7001
-0.0820256,34.0,4.04081,-57.6886
-0.0159019,35.0,4.2891,-55.6682
0.0608858,36.0,4.0414,-53.5237
0.00249827,37.0,4.06353,-51.503
0.140212,38.0,3.73619,-49.4712
0.153251,39.0,3.87573,-47.6031
-0.169057,40.0,4.13453,-45.6653
0.0557741,41.0,4.14731,-43.598
0.0925835,42.0,4.08523,-41.5243
-0.121811,43.0,4.33296,-39.4817
-0.012458,44.0,4.5421,-37.3153
-0.150131,45.0,4.05978,-35.0442
-0.0582115,46.0,4.06395,-33.0143
-0.132666,47.0,3.94276,-30.9823
-0.0189802,48.0,3.61903,-29.011
0.0646302,49.0,3.34011,-27.2014
-0.0145062,50.0,3.12824,-25.5314
0.11158,51.0,3.12064,-23.9673
-0.0260736,52.0,3.36377,-22.4069
0.0250266,53.0,3.40251,-20.7251
-0.0581155,54.0,3.25877,-19.0238
0.038702,55.0,3.29601,-17.3944
-0.175111,56.0,3.39273,-15.7464
0.00532937,57.0,3.14097,-14.0501
-0.0184045,58.0,3.42832,-12.4796
-0.00392938,59.0,3.39126,-10.7654
-0.215784,60.0,3.11905,-9.06978
-0.0341853,61.0,2.6908,-7.51026
-0.179039,62.0,3.19266,-6.16486
-0.247401,63.0,3.28609,-4.56853
-0.228556,64.0,2.86814,-2.92548
-0.120444,65.0,2.65036,-1.49141
-0.192866,66.0,2.68942,-0.166232
-0.0926722,67.0,2.51248,1.17848
-0.163899,68.0,3.13332,2.43471
-0.125223,69.0,2.88304,4.00137
-0.182667,70.0,3.36516,5.44289
-0.188392,71.0,2.86958,7.12547
-0.305601,72.0,2.70657,8.56026
-0.171142,73.0,2.4982,9.91355
-0.114919,74.0,2.11684,11.1626
-0.145368,75.0,1.9716,12.2211
-0.132145,76.0,2.13622,13.2069
-0.377207,77.0,2.33708,14.275
-0.316507,78.0,2.19533,15.4435
-0.354343,79.0,2.18863,16.5412
-0.236711,80.0,1.70488,17.6355
-0.26332,81.0,1.68655,18.4879
-0.327404,82.0,1.60781,19.3312
-0.11725,83.0,0.739215,20.1351
-0.306273,84.0,0.670317,20.5047
-0.312081,85.0,0.692448,20.8399
-0.302549,86.0,0.565791,21.1861
-0.180592,87.0,0.331655,21.469
-0.344223,88.0,0.223645,21.6348
-0.279856,89.0,0.351519,21.7467
-0.249983,90.0,0.288463,21.9224
-0.32763,91.0,0.203009,22.0666
-0.199458,92.0,0.060759,22.1681
-0.476456,93.0,0.271929,22.1985
-0.478571,94.0,0.0356653,22.3345
-0.407863,95.0,0.0107974,22.3523
-0.565014,96.0,-0.104543,22.3577
-0.483839,97.0,-0.28441,22.3055
-0.00793803,98.0,-0.717531,22.1632
-0.00302088,99.0,-0.921061,21.8045
-0.142081,0.0,-1.76492,110.914
-0.118963,1.0,-2.00493,110.032
-0.16067,2.0,-1.97785,109.029
-0.0786993,3.0,-2.2503,108.04
-0.0971479,4.0,-2.51846,106.915
0.0464169,5.0,-2.66444,105.656
-0.143333,6.0,-2.46286,104.324
-0.0457427,7.0,-3.01549,103.092
-0.0990811,8.0,-3.28149,101.585
0.0745544,9.0,-3.58297,99.944
0.0862713,10.0,-3.72812,98.1525
0.138329,11.0,-3.71864,96.2884
0.0539193,12.0,-3.28316,94.4291
-0.0862853,13.0,-2.95359,92.7875
-0.0367874,14.0,-3.05228,91.3107
-0.00834429,15.0,-3.39654,89.7846
-0.0375762,16.0,-3.36565,88.0863
0.00184011,17.0,-3.18862,86.4035
-0.0749646,18.0,-2.79621,84.8092
-0.0218307,19.0,-2.84744,83.4111
-0.0924141,20.0,-2.7772,81.9873
-0.111463,21.0,-2.63677,80.5987
-0.163649,22.0,-2.52676,79.2803
0.0922967,23.0,-2.73028,78.017
-0.102634,24.0,-3.03453,76.6518
0.0284414,25.0,-2.65426,75.1346
0.00885403,26.0,-2.5313,73.8074
-0.129744,27.0,-2.29168,72.5418
-0.021986,28.0,-2.32097,71.3959
-0.106684,29.0,-2.49058,70.2355
-0.00044924,30.0,-2.88066,68.9902
0.0216954,31.0,-2.53292,67.5498
-0.112504,32.0,-2.17009,66.2834
0.0885248,33.0,-2.22504,65.1983
-0.0555469,34.0,-2.04527,64.0858
-0.0942716,35.0,-2.11784,63.0632
-0.0578606,36.0,-2.49908,62.0043
0.00898349,37.0,-2.21467,60.7547
0.0829722,38.0,-2.2715,59.6474
-0.0278314,39.0,-2.52597,58.5116
0.0739789,40.0,-2.66212,57.2486
-0.0642834,41.0,-2.10909,55.9176
0.0202718,42.0,-1.992,54.863
-0.0940381,43.0,-1.92345,53.867
-0.00188994,44.0,-1.93337,52.9053
-0.0264537,45.0,-2.25468,51.9386
0.00287974,46.0,-2.14269,50.8113
0.0952418,47.0,-2.38077,49.7399
-0.0461471,48.0,-2.06233,48.5496
0.0087589,49.0,-2.15586,47.5184
0.139731,50.0,-2.59268,46.4405
0.100449,51.0,-2.40855,45.1441
0.0813788,52.0,-2.03775,43.9399
0.15309,53.0,-2.28666,42.921
-0.0205007,54.0,-1.85481,41.7776
0.156738,55.0,-2.1547,40.8502
0.079388,56.0,-2.21259,39.7729
0.0518824,57.0,-1.96768,38.6666
0.0590845,58.0,-1.61283,37.6828
-0.0932316,59.0,-1.3122,36.8764
0.123398,60.0,-1.53838,36.2203
-0.00734121,61.0,-1.64432,35.4511
-0.0431786,62.0,-1.69507,34.6289
0.115099,63.0,-1.73471,33.7814
-0.0882784,64.0,-1.35655,32.914
-0.0111637,65.0,-1.31634,32.2357
0.13309,66.0,-1.49135,31.5776
0.0622939,67.0,-1.77985,30.8319
0.176041,68.0,-1.59023,29.942
0.126651,69.0,-1.69704,29.1469
0.215609,70.0,-1.80788,28.2983
0.120433,71.0,-1.64362,27.3944
0.117844,72.0,-1.394,26.5726
-0.0425672,73.0,-0.946893,25.8756
0.0837504,74.0,-1.08806,25.4021
0.0361085,75.0,-1.16581,24.8581
0.114576,76.0,-0.813368,24.2752
0.058537,77.0,-0.896228,23.8685
-0.0452111,78.0,-0.422515,23.4204
-0.0213665,79.0,-0.419438,23.2091
0.0503933,80.0,-0.518729,22.9994
0.115707,81.0,-0.647359,22.7401
0.12511,82.0,-0.664745,22.4164
0.0185578,83.0,-0.670815,22.084
0.00298727,84.0,-0.470087,21.7486
0.164461,85.0,-0.794985,21.5136
0.121024,86.0,-0.350421,21.1161
-0.049086,87.0,-0.180659,20.9409
-0.173629,88.0,0.0387411,20.8505
-0.261177,89.0,0.148554,20.8699
-0.217768,90.0,0.548875,20.9442
-0.493105,91.0,0.708915,21.2186
-0.0426672,92.0,0.341329,21.5731
-0.373629,93.0,0.531195,21.7437
-0.334902,94.0,0.573897,22.0093
-0.408877,95.0,0.510119,22.2963
-0.403258,96.0,0.460463,22.5513
-0.412643,97.0,0.0513182,22.7816
0.00155723,98.0,-0.193571,22.8072
0.00420403,99.0,-0.393606,22.7104
