action: u,states: t,states: v,states: x
-0.264147,0.0,-0.335677,96.7678
-0.13136,1.0,-0.279548,96.6
-0.219103,2.0,-0.11129,96.4602
-0.321955,3.0,-0.396538,96.4045
-0.310355,4.0,-0.342085,96.2063
-0.0939003,5.0,-0.397846,96.0352
-0.247125,6.0,-0.48251,95.8363
-0.325944,7.0,-0.275883,95.5951
0.0228215,8.0,-0.538138,95.4571
-0.200231,9.0,-0.0505619,95.1881
-0.256251,10.0,-0.100384,95.1628
-0.307366,11.0,-0.393378,95.1126
-0.182005,12.0,-0.623103,94.9159
-0.178705,13.0,-0.738795,94.6043
-0.0808691,14.0,-0.850235,94.2349
-0.165094,15.0,-0.893966,93.8098
-0.290424,16.0,-1.22729,93.3628
-0.210843,17.0,-1.2734,92.7492
-0.204951,18.0,-1.29195,92.1125
-0.131601,19.0,-1.68887,91.4665
-0.194395,20.0,-1.99227,90.6221
-0.235442,21.0,-1.72031,89.626
-0.171866,22.0,-1.56617,88.7658
-0.200208,23.0,-1.6273,87.9827
-0.111218,24.0,-1.73405,87.1691
-0.195324,25.0,-1.43478,86.302
-0.177833,26.0,-1.80355,85.5846
-0.272957,27.0,-1.50006,84.6829
-0.217901,28.0,-1.76684,83.9328
-0.296535,29.0,-1.68981,83.0494
-0.190733,30.0,-1.65162,82.2045
-0.336402,31.0,-1.7822,81.3787
-0.241888,32.0,-2.27376,80.4876
-0.235658,33.0,-2.3176,79.3507
-0.0958908,34.0,-2.45686,78.1919
-0.124138,35.0,-2.55176,76.9635
-0.182847,36.0,-2.83282,75.6876
-0.0370402,37.0,-3.17722,74.2712
-0.198673,38.0,-2.95431,72.6826
-0.223092,39.0,-3.27945,71.2054
-0.129957,40.0,-3.2524,69.5657
-0.145795,41.0,-3.73877,67.9395
0.0356525,42.0,-4.39668,66.0701
0.049042,43.0,-4.21306,63.8718
0.0166192,44.0,-4.43151,61.7653
0.165564,45.0,-4.8894,59.5495
0.0439916,46.0,-4.5541,57.1048
0.228143,47.0,-4.80564,54.8278
0.13968,48.0,-4.83525,52.4249
0.202944,49.0,-4.64773,50.0073
0.173287,50.0,-4.67605,47.6834
0.302431,51.0,-4.69911,45.3454
0.129231,52.0,-4.51832,42.9959
0.204939,53.0,-4.88632,40.7367
0.307128,54.0,-4.4471,38.2935
0.181238,55.0,-4.32935,36.07
0.192111,56.0,-4.25742,33.9053
0.21303,57.0,-4.054,31.7766
0.340519,58.0,-4.27938,29.7496
0.268589,59.0,-4.45453,27.6099
0.192245,60.0,-4.37965,25.3827
0.244889,61.0,-4.07783,23.1928
0.137566,62.0,-4.06238,21.1539
0.350757,63.0,-4.26027,19.1227
0.156992,64.0,-3.93602,16.9926
0.32229,65.0,-4.29699,15.0246
0.33828,66.0,-4.25955,12.8761
0.284358,67.0,-4.14222,10.7463
0.459752,68.0,-3.89038,8.67521
0.334555,69.0,-3.71111,6.73002
0.40582,70.0,-3.32859,4.87447
0.503974,71.0,-2.95038,3.21017
0.2507,72.0,-2.8253,1.73498
0.321983,73.0,-2.37178,0.322333
0.387777,74.0,-2.0047,-0.863557
0.39418,75.0,-1.77332,-1.86591
0.381114,76.0,-1.56288,-2.75256
0.259274,77.0,-1.18114,-3.534
0.349613,78.0,-0.908559,-4.12457
0.352548,79.0,-0.811591,-4.57885
0.310823,80.0,-0.546946,-4.98465
0.0516317,81.0,0.0625953,-5.25812
0.30565,82.0,0.0761301,-5.22682
0.245713,83.0,0.109439,-5.18876
-0.00609261,84.0,0.112854,-5.13404
0.109983,85.0,0.30163,-5.07761
0.462236,86.0,0.392968,-4.9268
0.18605,87.0,0.583856,-4.73031
0.394399,88.0,0.584599,-4.43838
0.016706,89.0,1.07019,-4.14608
0.341048,90.0,0.754865,-3.61099
0.263173,91.0,1.26196,-3.23356
0.315865,92.0,1.5887,-2.60258
0.209005,93.0,1.47681,-1.80823
0.0788532,94.0,1.62385,-1.06982
-0.0885586,95.0,1.97168,-0.257897
-0.242802,96.0,1.9546,0.727945
-0.0805634,97.0,1.40145,1.70525
-0.000972748,98.0,1.43476,2.40597
-0.000454247,99.0,1.71297,3.12335
-0.027526,0.0,0.326003,-3.95702
0.104291,1.0,0.43161,-3.79402
-0.0100863,2.0,0.839147,-3.57822
-0.0945482,3.0,0.63642,-3.15864
0.0382503,4.0,0.371421,-2.84043
0.0699936,5.0,0.632995,-2.65472
0.0561643,6.0,0.721674,-2.33823
0.0807568,7.0,0.589863,-1.97739
-0.0957971,8.0,0.462064,-1.68246
-0.0203329,9.0,0.800218,-1.45142
-0.140767,10.0,0.718168,-1.05132
-0.0344108,11.0,0.382514,-0.692232
0.00559044,12.0,0.184401,-0.500975
0.0823351,13.0,-0.448084,-0.408774
0.0746133,14.0,-0.898933,-0.632816
0.167944,15.0,-0.775623,-1.08228
0.0838567,16.0,-0.652536,-1.47009
0.103814,17.0,-0.806508,-1.79636
0.181192,18.0,-0.64994,-2.19962
0.0378176,19.0,-0.414326,-2.52459
0.0147634,20.0,-0.56941,-2.73175
0.0385994,21.0,-0.594129,-3.01645
0.0102201,22.0,-0.777829,-3.31352
0.154202,23.0,-0.410725,-3.70243
0.0631944,24.0,-0.432408,-3.9078
0.100618,25.0,-0.40628,-4.124
0.00546455,26.0,-0.475074,-4.32714
0.0400523,27.0,-0.328493,-4.56468
0.2059,28.0,-0.516885,-4.72892
0.0733855,29.0,-0.620887,-4.98737
0.0582267,30.0,-0.261339,-5.29781
0.199671,31.0,-0.562797,-5.42848
0.119494,32.0,-0.342518,-5.70988
0.28274,33.0,-0.838643,-5.88114
0.13361,34.0,-1.0041,-6.30046
0.221281,35.0,-1.00188,-6.80251
0.162976,36.0,-0.952351,-7.30345
0.199974,37.0,-1.22001,-7.77962
0.322044,38.0,-0.727972,-8.38963
0.125148,39.0,-0.528335,-8.75362
0.290532,40.0,-0.33617,-9.01778
0.0713137,41.0,-0.394082,-9.18587
0.305949,42.0,-0.523812,-9.38291
0.120151,43.0,-0.157598,-9.64481
0.250027,44.0,-0.409026,-9.72361
0.119709,45.0,-0.109595,-9.92813
0.162122,46.0,-0.181013,-9.98292
0.210509,47.0,0.153902,-10.0734
0.139923,48.0,0.478377,-9.99648
0.271772,49.0,0.424807,-9.75729
0.271079,50.0,0.780942,-9.54489
0.156455,51.0,1.04102,-9.15442
0.0410291,52.0,0.839945,-8.63391
0.20961,53.0,0.804787,-8.21393
0.196497,54.0,1.04592,-7.81154
0.185327,55.0,0.876474,-7.28858
0.00990665,56.0,1.23006,-6.85034
0.234119,57.0,1.148,-6.23531
0.106656,58.0,1.61158,-5.66131
0.0272186,59.0,1.63774,-4.85552
0.105512,60.0,1.39577,-4.03665
0.00617099,61.0,1.1404,-3.33876
0.141003,62.0,1.3221,-2.76856
0.167559,63.0,1.3949,-2.10751
0.197117,64.0,1.16516,-1.41006
0.228991,65.0,1.11928,-0.82748
0.088606,66.0,1.17228,-0.267839
0.21607,67.0,1.27727,0.318303
0.0894002,68.0,1.37036,0.95694
0.122066,69.0,1.56434,1.64212
0.119038,70.0,1.57486,2.42429
0.112987,71.0,1.80178,3.21172
0.120745,72.0,1.53819,4.11261
0.213548,73.0,1.40209,4.8817
0.158485,74.0,1.4976,5.58275
0.0314384,75.0,1.38855,6.33155
0.0651751,76.0,1.18253,7.02583
-0.0236322,77.0,1.50593,7.61709
0.0162202,78.0,1.85925,8.37006
-0.0226558,79.0,1.90354,9.29968
-0.0400593,80.0,1.90402,10.2515
-0.118097,81.0,1.82776,11.2035
-0.222311,82.0,1.97618,12.1173
-0.192352,83.0,1.723,13.1054
-0.0697899,84.0,1.55729,13.9669
-0.163681,85.0,1.4591,14.7456
-0.0509242,86.0,1.35321,15.4751
-0.149018,87.0,1.11424,16.1517
-0.134563,88.0,1.14251,16.7088
-0.026921,89.0,0.97308,17.2801
-0.249487,90.0,1.12545,17.7666
-0.110081,91.0,1.19436,18.3294
-0.109773,92.0,0.675833,18.9265
-0.306435,93.0,0.734931,19.2645
0.0792594,94.0,0.149604,19.6319
-0.0445378,95.0,0.254565,19.7067
0.0262092,96.0,0.174439,19.834
-0.0381091,97.0,0.718225,19.9212
0.00169051,98.0,0.875219,20.2803
0.00132227,99.0,1.23397,20.718
0.309809,0.0,1.73118,-186.809
0.339685,1.0,2.1229,-185.943
0.341162,2.0,2.56301,-184.882
0.441822,3.0,2.65237,-183.601
0.279243,4.0,2.97869,-182.274
0.450196,5.0,3.06984,-180.785
0.363027,6.0,3.22694,-179.25
0.35787,7.0,3.67493,-177.637
0.230989,8.0,4.18903,-175.799
0.33003,9.0,4.54943,-173.705
0.177396,10.0,4.85409,-171.43
0.28375,11.0,5.05931,-169.003
0.308519,12.0,5.26064,-166.473
0.190963,13.0,5.39545,-163.843
0.129006,14.0,5.37131,-161.145
0.283699,15.0,5.4749,-158.459
0.179407,16.0,5.4771,-155.722
0.156271,17.0,5.92002,-152.984
0.202215,18.0,5.34722,-150.023
0.202539,19.0,5.27108,-147.35
0.197732,20.0,5.64887,-144.714
0.163597,21.0,5.90675,-141.89
0.100677,22.0,6.34474,-138.937
0.258307,23.0,6.15894,-135.764
0.133137,24.0,6.44589,-132.685
0.2377,25.0,6.29178,-129.462
0.160225,26.0,6.46141,-126.316
0.173025,27.0,6.49204,-123.085
0.0956903,28.0,6.34237,-119.839
0.111892,29.0,6.44231,-116.668
0.14547,30.0,6.31279,-113.447
0.0869253,31.0,6.26573,-110.29
0.092737,32.0,6.56124,-107.158
-0.0698106,33.0,6.77057,-103.877
0.0179436,34.0,6.75158,-100.492
0.0130674,35.0,6.77332,-97.1159
-0.121393,36.0,6.57183,-93.7292
-0.0713927,37.0,6.4144,-90.4433
0.051107,38.0,6.3054,-87.2361
-0.0656345,39.0,6.1561,-84.0834
-0.0837221,40.0,6.50806,-81.0053
-0.124824,41.0,6.58324,-77.7513
-0.218935,42.0,6.81555,-74.4597
-0.115138,43.0,6.28803,-71.0519
-0.143366,44.0,6.32649,-67.9079
-0.10256,45.0,6.25098,-64.7447
-0.097836,46.0,5.91847,-61.6192
-0.0313838,47.0,6.16116,-58.6599
-0.0635843,48.0,6.43297,-55.5794
-0.110348,49.0,6.59362,-52.3629
-0.286121,50.0,6.80288,-49.0661
-0.288884,51.0,6.39575,-45.6646
-0.125756,52.0,6.19733,-42.4668
-0.230027,53.0,6.36601,-39.3681
-0.187965,54.0,5.89662,-36.1851
-0.153298,55.0,5.81734,-33.2368
-0.216879,56.0,5.69997,-30.3281
-0.308856,57.0,5.44611,-27.4781
-0.274183,58.0,5.41074,-24.7551
-0.338494,59.0,5.1551,-22.0497
-0.0948873,60.0,4.77096,-19.4721
-0.237822,61.0,4.88234,-17.0867
-0.131647,62.0,4.63345,-14.6455
-0.303637,63.0,4.73883,-12.3288
-0.31473,64.0,4.71233,-9.95935
-0.250434,65.0,4.9869,-7.60318
-0.249733,66.0,4.92301,-5.10973
-0.268366,67.0,4.70757,-2.64823
-0.276797,68.0,4.32517,-0.294446
-0.38643,69.0,4.17204,1.86814
-0.341305,70.0,3.96713,3.95416
-0.265008,71.0,3.66133,5.93773
-0.357622,72.0,3.3734,7.76839
-0.333092,73.0,3.21715,9.45509
-0.404067,74.0,3.33682,11.0637
-0.300439,75.0,3.32204,12.7321
-0.311414,76.0,3.00515,14.3931
-0.451634,77.0,2.90366,15.8957
-0.364186,78.0,3.05857,17.3475
-0.448674,79.0,3.05912,18.8768
-0.352631,80.0,2.49971,20.4064
-0.378411,81.0,2.23742,21.6562
-0.363621,82.0,2.00598,22.7749
-0.523925,83.0,1.78315,23.7779
-0.446757,84.0,1.09533,24.6695
-0.508903,85.0,0.777979,25.2171
-0.0388881,86.0,0.242487,25.6061
-0.277156,87.0,-0.165875,25.7274
-0.286296,88.0,-0.115346,25.6444
-0.356293,89.0,-0.0394831,25.5868
-0.327784,90.0,-0.539172,25.567
-0.165785,91.0,-0.919843,25.2974
-0.353177,92.0,-0.899555,24.8375
-0.106198,93.0,-0.928184,24.3877
-0.454314,94.0,-0.835651,23.9237
-0.396405,95.0,-1.07755,23.5058
-0.548208,96.0,-1.10193,22.9671
-0.540435,97.0,-1.01112,22.4161
0.00292325,98.0,-1.06717,21.9105
-0.00186253,99.0,-0.826218,21.3769
0.121928,0.0,-0.0744708,-37.5669
0.0985999,1.0,0.0390365,-37.6042
0.174629,2.0,0.12311,-37.5847
-0.009341,3.0,0.484414,-37.5231
0.0867828,4.0,0.272585,-37.2809
-0.0324284,5.0,0.534399,-37.1446
0.0877557,6.0,0.619934,-36.8774
0.0238963,7.0,0.553305,-36.5674
-0.0748763,8.0,0.460795,-36.2908
0.0629625,9.0,0.188129,-36.0604
0.0574558,10.0,0.327993,-35.9663
0.0243356,11.0,0.510079,-35.8023
0.130584,12.0,0.311808,-35.5473
0.0516301,13.0,0.42596,-35.3914
0.0314825,14.0,0.517054,-35.1784
0.125672,15.0,0.400209,-34.9199
0.193543,16.0,0.37226,-34.7198
0.107816,17.0,0.721454,-34.5336
0.0269164,18.0,0.949954,-34.1729
0.22399,19.0,0.897031,-33.6979
0.248962,20.0,0.835484,-33.2494
0.087688,21.0,1.23896,-32.8317
0.0821952,22.0,1.31993,-32.2122
0.186214,23.0,1.60605,-31.5522
0.114923,24.0,1.81574,-30.7492
-0.0548179,25.0,2.07767,-29.8413
0.145788,26.0,1.88568,-28.8025
-0.0279104,27.0,1.79809,-27.8597
0.00113511,28.0,1.5084,-26.9606
0.121254,29.0,1.85657,-26.2064
-0.0658196,30.0,2.14852,-25.2781
0.0239629,31.0,2.06932,-24.2039
0.0917964,32.0,1.75037,-23.1692
0.0483984,33.0,2.26908,-22.294
-0.0920196,34.0,2.23823,-21.1595
0.108251,35.0,1.98682,-20.0404
-0.0390552,36.0,2.19229,-19.047
0.0792973,37.0,2.11372,-17.9508
0.0701239,38.0,2.24016,-16.894
0.0929282,39.0,1.97942,-15.7739
0.0520847,40.0,1.99429,-14.7842
-0.103194,41.0,2.04177,-13.787
0.0767615,42.0,1.88724,-12.7661
-0.0533943,43.0,1.70751,-11.8225
0.0890511,44.0,1.60402,-10.9688
-0.0790927,45.0,2.17581,-10.1668
0.0142939,46.0,2.00663,-9.07885
-0.0599887,47.0,2.27306,-8.07554
-0.0786996,48.0,2.55501,-6.93901
-0.153643,49.0,2.80718,-5.6615
-0.169641,50.0,2.72288,-4.25791
-0.179887,51.0,2.68872,-2.89647
-0.171821,52.0,2.80057,-1.55211
-0.0775731,53.0,2.76935,-0.151827
-0.117734,54.0,3.05172,1.23285
-0.127952,55.0,2.89359,2.7587
-0.120921,56.0,3.05207,4.2055
-0.111998,57.0,2.73034,5.73154
-0.194062,58.0,2.91252,7.09671
-0.214739,59.0,2.86741,8.55297
-0.232169,60.0,2.56226,9.98667
-0.183022,61.0,2.29379,11.2678
-0.190425,62.0,2.5188,12.4147
-0.200566,63.0,2.30575,13.6741
-0.179122,64.0,2.33615,14.827
-0.161093,65.0,2.60877,15.9951
-0.0883058,66.0,2.69321,17.2994
-0.268829,67.0,2.58659,18.646
-0.316088,68.0,2.73437,19.9393
-0.188971,69.0,2.13028,21.3065
-0.217845,70.0,2.43499,22.3717
-0.301836,71.0,2.17091,23.5892
-0.330995,72.0,2.41672,24.6746
-0.303117,73.0,2.12809,25.883
-0.304797,74.0,1.86404,26.947
-0.278096,75.0,1.10094,27.879
-0.176697,76.0,0.809018,28.4295
-0.309124,77.0,0.743572,28.834
-0.408921,78.0,0.824153,29.2058
-0.339515,79.0,0.554182,29.6179
-0.117192,80.0,0.25715,29.895
-0.397298,81.0,-0.44729,30.0236
-0.3161,82.0,-0.989828,29.7999
-0.00312966,83.0,-1.31053,29.305
0.0203162,84.0,-1.17613,28.6497
-0.42744,85.0,-0.948998,28.0617
-0.295565,86.0,-0.923584,27.5872
-0.0626605,87.0,-0.937384,27.1254
-0.460344,88.0,-0.705348,26.6567
-0.0622361,89.0,-0.944837,26.304
-0.0451404,90.0,-0.993652,25.8316
-0.388815,91.0,-0.991936,25.3348
-0.378325,92.0,-1.48471,24.8388
-0.19271,93.0,-1.52448,24.0964
-0.369699,94.0,-1.16764,23.3342
-0.353376,95.0,-1.28249,22.7504
-0.147919,96.0,-1.45998,22.1091
0.30742,97.0,-1.66535,21.3791
-2.38419e-07,98.0,-1.54495,20.5465
-0.000341773,99.0,-1.50864,19.774
-0.194603,0.0,-1.85861,21.6116
-0.239665,1.0,-1.67413,20.6823
-0.0724047,2.0,-1.73014,19.8452
0.0303376,3.0,-1.94718,18.9802
-0.211746,4.0,-1.78511,18.0066
-0.0717149,5.0,-1.88036,17.114
-0.183449,6.0,-2.23495,16.1738
-0.11358,7.0,-2.52723,15.0564
-0.127703,8.0,-2.55735,13.7927
-0.138368,9.0,-3.01929,12.5141
0.0326377,10.0,-3.19827,11.0044
-0.140717,11.0,-3.47464,9.4053
-0.118774,12.0,-3.71276,7.66798
-0.0432883,13.0,-3.8832,5.8116
0.0503669,14.0,-3.90593,3.87
-0.00731325,15.0,-3.4563,1.91703
-0.0875101,16.0,-3.18578,0.188881
0.0865071,17.0,-3.14339,-1.40401
-0.00872386,18.0,-3.17716,-2.97571
-0.0768377,19.0,-3.07527,-4.56428
-0.12305,20.0,-3.08434,-6.10192
0.0470865,21.0,-3.2369,-7.64409
0.010855,22.0,-3.3632,-9.26254
-0.05215,23.0,-3.63701,-10.9441
-0.00452924,24.0,-3.5869,-12.7626
0.125246,25.0,-3.4438,-14.5561
0.0281439,26.0,-3.45971,-16.278
0.0282595,27.0,-3.44447,-18.0079
0.139753,28.0,-3.52392,-19.7301
0.0266255,29.0,-3.47333,-21.4921
0.123521,30.0,-3.41462,-23.2287
-0.0726936,31.0,-3.03404,-24.936
-0.0548052,32.0,-3.07813,-26.4531
0.0735598,33.0,-3.18908,-27.9921
0.00134099,34.0,-3.11934,-29.5867
0.112695,35.0,-3.15255,-31.1463
0.0881896,36.0,-3.01619,-32.7226
0.107214,37.0,-2.96449,-34.2307
-0.0234464,38.0,-2.91069,-35.7129
0.0672483,39.0,-2.97645,-37.1683
0.037812,40.0,-3.27088,-38.6565
0.0401392,41.0,-3.3798,-40.292
-0.0022608,42.0,-3.34566,-41.9818
0.0149873,43.0,-3.10883,-43.6547
0.115121,44.0,-3.06221,-45.2091
0.113875,45.0,-3.09133,-46.7402
0.189737,46.0,-3.11655,-48.2859
0.217685,47.0,-3.40262,-49.8441
0.165231,48.0,-3.51706,-51.5454
0.274062,49.0,-3.60581,-53.304
0.148632,50.0,-3.84943,-55.1069
0.203354,51.0,-3.54452,-57.0316
0.159746,52.0,-3.18506,-58.8039
0.223264,53.0,-3.46311,-60.3964
0.335811,54.0,-3.38224,-62.1279
0.274704,55.0,-3.13431,-63.8191
0.127058,56.0,-2.87292,-65.3862
0.272859,57.0,-3.15168,-66.8227
0.364573,58.0,-3.08003,-68.3985
0.0601957,59.0,-3.37631,-69.9385
0.385038,60.0,-3.66269,-71.6267
0.133012,61.0,-3.56051,-73.458
0.435469,62.0,-3.79873,-75.2383
0.373065,63.0,-3.12519,-77.1377
0.420113,64.0,-2.97564,-78.7002
0.368731,65.0,-2.93276,-80.1881
0.114309,66.0,-2.98546,-81.6544
0.363512,67.0,-2.87964,-83.1472
0.0823838,68.0,-2.34199,-84.587
0.298465,69.0,-2.32528,-85.758
0.358881,70.0,-2.55292,-86.9206
0.389797,71.0,-2.34753,-88.1971
0.324736,72.0,-2.39967,-89.3709
0.501407,73.0,-2.55832,-90.5707
0.326714,74.0,-2.29905,-91.8499
0.532141,75.0,-2.30399,-92.9994
0.406779,76.0,-2.1046,-94.1514
0.386327,77.0,-2.36662,-95.2037
0.3798,78.0,-1.89386,-96.387
0.44764,79.0,-1.70789,-97.3339
0.45359,80.0,-1.73072,-98.1879
0.577119,81.0,-1.36464,-99.0532
0.580861,82.0,-0.684213,-99.7355
0.493948,83.0,-0.440138,-100.078
0.485197,84.0,-0.190107,-100.298
0.418354,85.0,0.0549396,-100.393
0.53558,86.0,0.358784,-100.365
0.376993,87.0,0.142057,-100.186
0.500621,88.0,0.0717875,-100.115
0.357769,89.0,0.196833,-100.079
0.539963,90.0,0.416338,-99.9806
0.443223,91.0,0.317136,-99.7724
0.452405,92.0,0.67873,-99.6138
0.526672,93.0,0.647545,-99.2745
0.531423,94.0,1.02373,-98.9507
0.241033,95.0,1.04365,-98.4388
0.621101,96.0,1.18691,-97.917
0.623325,97.0,1.33589,-97.3236
0.0257745,98.0,1.5901,-96.6556
0.0253338,99.0,1.34474,-95.8606
0.223714,0.0,0.0877102,-82.9135
0.165109,1.0,0.418756,-82.8697
0.292744,2.0,0.326778,-82.6603
0.209511,3.0,0.77518,-82.4969
0.220754,4.0,0.632983,-82.1093
0.176762,5.0,0.209921,-81.7928
0.268318,6.0,0.476093,-81.6879
0.341137,7.0,1.00337,-81.4498
0.226972,8.0,1.34732,-80.9481
0.201932,9.0,1.60735,-80.2745
0.162944,10.0,1.6915,-79.4708
0.16596,11.0,1.90447,-78.6251
0.157542,12.0,1.77716,-77.6728
0.254689,13.0,2.22745,-76.7842
0.228941,14.0,2.27298,-75.6705
0.0686696,15.0,2.6314,-74.534
0.21512,16.0,2.67535,-73.2183
0.154354,17.0,3.34352,-71.8806
0.164994,18.0,3.68271,-70.2089
0.00646782,19.0,4.22456,-68.3675
-0.0947453,20.0,4.54589,-66.2552
-0.0458761,21.0,4.80326,-63.9823
0.0197749,22.0,4.7089,-61.5807
-0.114976,23.0,4.84073,-59.2262
-0.218744,24.0,4.86435,-56.8059
-0.174795,25.0,5.08176,-54.3737
-0.216406,26.0,5.15589,-51.8328
-0.122675,27.0,4.93419,-49.2549
-0.0308771,28.0,4.90718,-46.7878
-0.250967,29.0,4.98858,-44.3342
-0.158145,30.0,5.06515,-41.8399
-0.213197,31.0,5.02256,-39.3073
-0.146727,32.0,5.3425,-36.796
-0.138859,33.0,5.38869,-34.1248
-0.107472,34.0,5.05594,-31.4304
-0.277351,35.0,4.78784,-28.9025
-0.279869,36.0,5.06305,-26.5085
-0.182416,37.0,4.76163,-23.977
-0.108296,38.0,4.7688,-21.5962
-0.306406,39.0,4.63669,-19.2118
-0.278638,40.0,4.67351,-16.8935
-0.302831,41.0,4.2513,-14.5567
-0.161305,42.0,4.01658,-12.4311
-0.186348,43.0,3.80683,-10.4228
-0.14255,44.0,3.93575,-8.51934
-0.332179,45.0,3.77823,-6.55147
-0.102112,46.0,3.65812,-4.66235
-0.276322,47.0,3.60237,-2.83329
-0.212686,48.0,3.60625,-1.03211
-0.0946221,49.0,3.17936,0.771015
-0.266402,50.0,3.22133,2.3607
0.0650804,51.0,3.1323,3.97136
-0.198506,52.0,3.45218,5.53751
0.00874424,53.0,3.46809,7.2636
-0.150551,54.0,3.89187,8.99764
-0.153084,55.0,3.48274,10.9436
-0.217143,56.0,3.17012,12.6849
-0.239279,57.0,2.95683,14.27
-0.178162,58.0,3.25962,15.7484
-0.0929983,59.0,2.82545,17.3782
-0.153553,60.0,2.66413,18.791
-0.30425,61.0,2.61321,20.123
-0.259454,62.0,2.97795,21.4296
-0.313293,63.0,2.87736,22.9186
-0.412597,64.0,2.69078,24.3573
-0.315879,65.0,2.53784,25.7027
-0.397092,66.0,2.68833,26.9716
-0.360351,67.0,2.66479,28.3158
-0.395262,68.0,2.61924,29.6482
-0.420415,69.0,2.25035,30.9578
-0.364968,70.0,1.9297,32.083
-0.345537,71.0,1.83157,33.0478
-0.431598,72.0,1.7557,33.9636
-0.42943,73.0,1.42278,34.8414
-0.422692,74.0,1.34468,35.5528
-0.243193,75.0,0.658234,36.2252
-0.333497,76.0,0.0262163,36.5543
-0.452651,77.0,-0.472037,36.5674
-0.280321,78.0,-0.465232,36.3314
-0.426515,79.0,-0.908194,36.0988
-0.308689,80.0,-1.61529,35.6447
-0.309514,81.0,-1.45342,34.837
-0.310388,82.0,-1.7918,34.1103
-0.151046,83.0,-2.13119,33.2144
-0.0335005,84.0,-2.28322,32.1488
-0.26967,85.0,-1.93587,31.0072
-0.0950063,86.0,-2.03973,30.0393
0.088546,87.0,-2.28498,29.0194
-0.0557864,88.0,-2.02436,27.8769
0.102206,89.0,-2.17985,26.8647
0.234345,90.0,-2.14041,25.7748
0.137584,91.0,-1.95386,24.7046
0.210861,92.0,-1.86842,23.7277
0.262489,93.0,-1.55617,22.7935
0.231754,94.0,-1.26045,22.0154
0.350844,95.0,-1.16705,21.3852
0.180691,96.0,-0.833035,20.8016
0.0951278,97.0,-0.701505,20.3851
-0.00048852,98.0,-0.740202,20.0344
-0.000411808,99.0,-0.722994,19.6643
0.129467,0.0,0.508396,-63.4679
0.107784,1.0,0.826414,-63.2137
0.158638,2.0,0.831473,-62.8005
0.107663,3.0,0.701804,-62.3848
0.243932,4.0,0.740187,-62.0339
0.193778,5.0,1.04006,-61.6638
0.144709,6.0,1.16322,-61.1438
0.191464,7.0,1.26633,-60.5621
0.0706704,8.0,1.1786,-59.929
0.0887865,9.0,1.24002,-59.3397
0.211794,10.0,1.11493,-58.7197
0.0485319,11.0,1.10338,-58.1622
0.118077,12.0,1.44187,-57.6105
0.121697,13.0,1.40438,-56.8896
0.0300682,14.0,1.46833,-56.1874
0.086769,15.0,1.88565,-55.4532
0.0658854,16.0,1.61576,-54.5104
0.0954553,17.0,1.76533,-53.7025
0.132101,18.0,1.8088,-52.8199
-0.00757939,19.0,2.08055,-51.9155
0.14357,20.0,1.74473,-50.8752
0.021735,21.0,2.03909,-50.0028
0.0450565,22.0,2.25397,-48.9833
-0.0366585,23.0,2.39587,-47.8563
-0.0424163,24.0,2.33129,-46.6584
0.0627075,25.0,2.33403,-45.4927
-0.0492476,26.0,2.51791,-44.3257
0.14227,27.0,2.58361,-43.0667
0.0505315,28.0,2.36054,-41.7749
0.0336612,29.0,2.78519,-40.5947
-0.0771643,30.0,2.62717,-39.2021
0.041037,31.0,2.57646,-37.8885
-0.0531945,32.0,2.91793,-36.6003
0.128253,33.0,3.16318,-35.1413
-0.0524538,34.0,2.93186,-33.5597
0.0610334,35.0,2.85428,-32.0938
0.0209688,36.0,3.04037,-30.6666
-0.0493411,37.0,2.92612,-29.1465
0.0216676,38.0,3.24536,-27.6834
0.042611,39.0,3.24782,-26.0607
-0.116483,40.0,3.61583,-24.4368
-0.241006,41.0,3.88103,-22.6289
-0.13713,42.0,3.21184,-20.6884
-0.134618,43.0,3.40082,-19.0825
-0.221659,44.0,3.51376,-17.382
-0.139875,45.0,3.32583,-15.6252
-0.108157,46.0,3.20521,-13.9622
-0.293476,47.0,3.55184,-12.3596
-0.0618849,48.0,3.66683,-10.5837
-0.277629,49.0,3.784,-8.75031
-0.162228,50.0,3.49175,-6.85831
0.0441723,51.0,3.52753,-5.11243
-0.179254,52.0,3.71738,-3.34867
-0.319101,53.0,3.40341,-1.48998
-0.166101,54.0,3.51203,0.211728
-0.261754,55.0,3.34948,1.96774
-0.31745,56.0,3.39733,3.64248
-0.184435,57.0,3.34184,5.34114
-0.198184,58.0,3.03745,7.01206
-0.225483,59.0,3.02412,8.53079
-0.0522251,60.0,2.80221,10.0428
-0.258376,61.0,3.10391,11.444
-0.400304,62.0,2.76467,12.9959
-0.209937,63.0,2.40698,14.3782
-0.230922,64.0,2.34964,15.5817
-0.262393,65.0,2.43289,16.7566
-0.322435,66.0,1.98402,17.973
-0.342157,67.0,1.81513,18.965
-0.0202774,68.0,1.06118,19.8726
-0.0769311,69.0,1.13372,20.4032
-0.221104,70.0,1.17405,20.97
-0.0301315,71.0,0.561812,21.5571
-0.0128534,72.0,0.669128,21.838
-0.223202,73.0,0.610592,22.1725
-0.0920385,74.0,0.562661,22.4778
-0.16673,75.0,0.6812,22.7591
-0.0533727,76.0,0.896008,23.0998
-0.336133,77.0,1.32319,23.5478
-0.400833,78.0,1.24093,24.2094
-0.206673,79.0,0.776363,24.8298
-0.355542,80.0,0.931416,25.218
-0.25576,81.0,0.842712,25.6837
-0.49274,82.0,0.659994,26.1051
-0.2528,83.0,0.380177,26.4351
-0.350643,84.0,0.206804,26.6251
-0.278182,85.0,-0.0464771,26.7285
-0.129336,86.0,-0.331457,26.7053
-0.36465,87.0,-0.208514,26.5396
-0.303755,88.0,-0.389005,26.4353
-0.397585,89.0,-0.58173,26.2408
-0.226171,90.0,-0.804826,25.95
-0.211595,91.0,-0.987578,25.5475
-0.0275365,92.0,-1.02344,25.0538
-0.326061,93.0,-1.29406,24.542
-0.331011,94.0,-1.58859,23.895
0.320135,95.0,-2.0906,23.1007
0.278073,96.0,-1.85442,22.0554
0.419649,97.0,-1.7146,21.1282
1.90735e-06,98.0,-1.63756,20.2709
-0.000873506,99.0,-1.64396,19.4521
0.156061,0.0,0.771012,-31.3508
0.250056,1.0,0.564119,-30.9653
0.163465,2.0,0.717397,-30.6833
0.185862,3.0,0.0890242,-30.3246
0.244031,4.0,0.518086,-30.28
0.160594,5.0,0.79179,-30.021
0.1854,6.0,1.32713,-29.6251
0.252724,7.0,1.06876,-28.9615
0.140316,8.0,1.24671,-28.4272
0.0957774,9.0,1.55148,-27.8038
0.168351,10.0,1.76279,-27.0281
0.158475,11.0,2.03188,-26.1467
-0.0415312,12.0,2.05012,-25.1307
0.0846454,13.0,1.78116,-24.1057
0.0146706,14.0,1.6933,-23.2151
0.0878512,15.0,1.65101,-22.3684
0.0465126,16.0,1.6897,-21.5429
0.18235,17.0,1.94244,-20.6981
0.11095,18.0,1.70182,-19.7269
0.0338137,19.0,1.43149,-18.876
0.12592,20.0,1.46853,-18.1602
-0.00923008,21.0,1.3099,-17.426
0.114442,22.0,1.33515,-16.771
0.182346,23.0,1.2289,-16.1034
0.0229671,24.0,1.27831,-15.489
0.0533745,25.0,1.38388,-14.8498
0.0837865,26.0,1.22556,-14.1579
0.00652337,27.0,1.36737,-13.5451
0.141414,28.0,1.33953,-12.8614
0.253277,29.0,1.60649,-12.1917
0.0501316,30.0,1.9405,-11.3884
0.114143,31.0,1.99597,-10.4182
-0.018667,32.0,1.89332,-9.42017
0.156991,33.0,2.12836,-8.47351
0.113661,34.0,2.06672,-7.40933
-0.0727342,35.0,2.43083,-6.37597
0.101452,36.0,2.21758,-5.16056
-0.0176896,37.0,2.41916,-4.05177
0.0754699,38.0,2.35104,-2.84219
-0.0857936,39.0,2.46206,-1.66667
-0.134381,40.0,2.66918,-0.435643
-0.0712487,41.0,2.3771,0.898949
0.0667453,42.0,2.17127,2.0875
-0.0161369,43.0,2.10583,3.17313
0.12872,44.0,2.28586,4.22605
0.00530469,45.0,2.25522,5.36898
0.0746055,46.0,2.22874,6.49659
-0.0694177,47.0,2.15974,7.61096
0.0899987,48.0,1.97454,8.69083
-0.0543832,49.0,2.13315,9.67811
0.0834355,50.0,1.97392,10.7447
0.151237,51.0,2.27617,11.7316
0.0476142,52.0,2.60365,12.8697
-0.0251588,53.0,2.38601,14.1715
0.0727351,54.0,2.14686,15.3646
0.103935,55.0,2.24296,16.438
0.00871491,56.0,2.70643,17.5595
-0.192023,57.0,3.03748,18.9127
-0.20158,58.0,2.92897,20.4314
-0.239329,59.0,2.98038,21.8959
-0.0249725,60.0,2.3603,23.3861
-0.0976444,61.0,2.62096,24.5662
-0.0845923,62.0,2.85225,25.8767
-0.137885,63.0,2.75209,27.3028
0.00870812,64.0,2.91275,28.6789
-0.281108,65.0,3.19788,30.1353
-0.156769,66.0,3.23111,31.7342
-0.300623,67.0,3.30933,33.3498
-0.348277,68.0,3.26888,35.0044
-0.298027,69.0,2.89532,36.6389
-0.155379,70.0,2.73174,38.0865
-0.253987,71.0,2.3531,39.4524
-0.211619,72.0,2.50119,40.629
-0.183173,73.0,2.38412,41.8795
-0.238291,74.0,2.431,43.0716
-0.462564,75.0,2.23558,44.2871
-0.418919,76.0,1.65426,45.4049
-0.132153,77.0,1.22051,46.232
-0.115994,78.0,0.898647,46.8423
-0.27568,79.0,0.760993,47.2916
-0.334945,80.0,0.723434,47.6721
-0.18872,81.0,0.578586,48.0338
-0.327015,82.0,0.930799,48.3231
-0.228692,83.0,0.683399,48.7885
-0.324328,84.0,0.627301,49.1302
-0.432713,85.0,0.522728,49.4439
-0.513149,86.0,0.559947,49.7052
-0.263902,87.0,0.253999,49.9852
-0.555585,88.0,0.66991,50.1122
-0.494035,89.0,0.89372,50.4471
-0.513888,90.0,0.749693,50.894
-0.583128,91.0,0.55653,51.2689
-0.580186,92.0,-0.0137953,51.5471
-0.362573,93.0,-0.625983,51.5402
-0.550131,94.0,-0.586974,51.2272
-0.553137,95.0,-0.913426,50.9337
-0.416391,96.0,-1.1702,50.477
-0.14599,97.0,-1.4187,49.8919
-0.00560713,98.0,-1.52052,49.1826
0.0086484,99.0,-1.42934,48.4223
-0.027734,0.0,0.73528,52.4296
-0.0181018,1.0,0.831377,52.7973
-0.16555,2.0,0.90336,53.213
-0.0145453,3.0,0.821067,53.6646
-0.0848562,4.0,1.02509,54.0752
-0.0118434,5.0,0.987982,54.5877
-0.126341,6.0,1.04655,55.0817
-0.0912951,7.0,1.04091,55.605
-0.0575783,8.0,1.13345,56.1254
-0.00613385,9.0,0.806444,56.6922
-0.0848817,10.0,0.499792,57.0954
-0.167728,11.0,0.406375,57.3453
-0.219955,12.0,0.249661,57.5485
-0.0337398,13.0,0.325755,57.6733
-0.157027,14.0,0.527349,57.8362
-0.122827,15.0,0.307036,58.0999
-0.194701,16.0,0.418162,58.2534
-0.237787,17.0,0.477372,58.4625
-0.180141,18.0,0.58292,58.7011
-0.0350859,19.0,0.176529,58.9926
-0.0442877,20.0,0.190701,59.0809
-0.17012,21.0,-0.0482022,59.1762
-0.187767,22.0,-0.177281,59.1521
-0.106988,23.0,-0.242226,59.0635
-0.0215676,24.0,-0.156309,58.9424
-0.0814403,25.0,-0.286835,58.8642
-0.0973018,26.0,-0.230186,58.7208
-0.120887,27.0,-0.254485,58.6057
-0.112173,28.0,-0.329859,58.4785
-0.170567,29.0,-0.0838199,58.3135
-0.0966807,30.0,0.275855,58.2716
-0.121694,31.0,-0.173348,58.4095
-0.0743088,32.0,-0.443333,58.3229
-0.0377788,33.0,-0.402749,58.1012
-0.182541,34.0,-0.312963,57.8998
-0.227584,35.0,-0.407269,57.7433
-0.144726,36.0,-0.402797,57.5397
-0.214959,37.0,-0.388759,57.3383
-0.152519,38.0,-0.546878,57.1439
-0.0695835,39.0,-0.597258,56.8705
-0.201786,40.0,-0.374143,56.5719
-0.139984,41.0,-0.489674,56.3848
-0.0879081,42.0,-0.882861,56.14
-0.188729,43.0,-0.839027,55.6985
-0.0490872,44.0,-0.582868,55.279
-0.172186,45.0,-0.245406,54.9876
-0.0752439,46.0,-0.808207,54.8649
-0.17707,47.0,-0.932607,54.4608
-0.0737939,48.0,-1.04979,53.9945
-0.0950941,49.0,-1.27357,53.4696
-0.1054,50.0,-1.73735,52.8328
-0.0444655,51.0,-2.05895,51.9641
0.108492,52.0,-2.505,50.9346
0.0792847,53.0,-2.64022,49.6821
0.120155,54.0,-2.87432,48.362
0.0884972,55.0,-3.1939,46.9249
0.0369208,56.0,-3.25282,45.3279
0.0935287,57.0,-3.25098,43.7015
0.0858346,58.0,-2.76217,42.076
0.0675188,59.0,-2.53985,40.6949
0.0274376,60.0,-2.59464,39.425
0.140251,61.0,-2.7655,38.1277
0.210072,62.0,-2.34151,36.7449
0.205403,63.0,-2.57461,35.5742
0.00488603,64.0,-2.18489,34.2869
0.232057,65.0,-2.34153,33.1944
0.0927114,66.0,-2.05839,32.0237
0.100094,67.0,-1.84983,30.9945
0.139688,68.0,-2.12799,30.0696
0.269718,69.0,-2.12299,29.0056
0.165751,70.0,-1.93179,27.9441
0.182268,71.0,-1.78285,26.9782
0.162699,72.0,-1.63796,26.0867
0.0113622,73.0,-1.74858,25.2678
0.150962,74.0,-1.53759,24.3935
0.0693755,75.0,-1.43984,23.6247
0.209164,76.0,-1.38555,22.9048
0.224183,77.0,-1.06858,22.212
0.225122,78.0,-1.00691,21.6777
0.074123,79.0,-1.03544,21.1742
0.250166,80.0,-1.22314,20.6565
0.301372,81.0,-1.29006,20.0449
0.141973,82.0,-1.15571,19.3999
0.321149,83.0,-1.50971,18.8221
0.34666,84.0,-1.3142,18.0672
0.446986,85.0,-1.39025,17.4101
0.373215,86.0,-1.27501,16.715
0.482755,87.0,-1.07255,16.0775
0.505655,88.0,-1.08968,15.5412
0.243003,89.0,-0.719221,14.9964
0.378768,90.0,-0.45549,14.6367
0.453427,91.0,-0.154977,14.409
0.346361,92.0,-0.0093272,14.3315
0.464986,93.0,0.490931,14.3269
0.503338,94.0,0.947677,14.5723
0.484703,95.0,0.921405,15.0462
0.57875,96.0,1.08825,15.5069
0.428608,97.0,1.42171,16.051
0.00301421,98.0,1.39254,16.7618
-0.00395536,99.0,1.5884,17.4581
0.104096,0.0,0.066489,-38.1516
0.209214,1.0,0.255134,-38.1184
0.0134699,2.0,0.293109,-37.9908
0.00898433,3.0,0.272356,-37.8443
0.131484,4.0,0.301431,-37.7081
-0.0786767,5.0,0.271842,-37.5574
0.0544475,6.0,0.312316,-37.4215
0.19158,7.0,0.100198,-37.2653
0.172542,8.0,-0.232179,-37.2152
0.0629969,9.0,-0.0997716,-37.3313
0.14007,10.0,0.200958,-37.3812
0.129507,11.0,0.0647773,-37.2807
0.0412343,12.0,0.251013,-37.2483
0.128027,13.0,0.491693,-37.1228
0.110816,14.0,0.554269,-36.877
0.0894574,15.0,0.157465,-36.5998
0.176789,16.0,0.361378,-36.5211
0.174151,17.0,0.467764,-36.3404
0.195142,18.0,0.592445,-36.1065
0.141991,19.0,0.457792,-35.8103
0.212211,20.0,0.465594,-35.5814
0.2841,21.0,0.492552,-35.3486
0.266413,22.0,0.659089,-35.1023
0.19704,23.0,1.09306,-34.7728
0.275698,24.0,0.859094,-34.2263
0.0542474,25.0,1.24504,-33.7967
0.0745773,26.0,1.23162,-33.1742
0.134646,27.0,1.55653,-32.5584
0.071743,28.0,2.13696,-31.7801
-0.00174981,29.0,2.06695,-30.7116
0.0535307,30.0,2.13482,-29.6782
-0.101618,31.0,2.28002,-28.6108
0.12648,32.0,2.03599,-27.4707
-0.0361727,33.0,2.04674,-26.4528
0.0943061,34.0,1.66545,-25.4294
-0.0139998,35.0,1.36993,-24.5967
0.0755141,36.0,1.05537,-23.9117
0.225707,37.0,1.19186,-23.384
0.125836,38.0,1.24437,-22.7881
0.0876619,39.0,1.40676,-22.1659
0.142722,40.0,1.45899,-21.4625
-0.0294588,41.0,1.67813,-20.733
0.0204591,42.0,1.87573,-19.894
0.0597209,43.0,1.38881,-18.9561
-0.0288265,44.0,1.42218,-18.2617
0.117192,45.0,1.12652,-17.5506
0.244889,46.0,0.896222,-16.9873
0.187562,47.0,0.720914,-16.5392
0.201428,48.0,1.1802,-16.1788
0.0979823,49.0,1.26287,-15.5887
0.261883,50.0,0.727041,-14.9572
0.0253385,51.0,0.816395,-14.5937
0.260741,52.0,0.988579,-14.1855
0.302578,53.0,0.658683,-13.6912
0.245714,54.0,0.731407,-13.3619
0.0650004,55.0,1.00553,-12.9962
0.137521,56.0,1.12151,-12.4934
0.174487,57.0,1.44054,-11.9327
0.207355,58.0,1.30696,-11.2124
0.224586,59.0,1.27778,-10.5589
0.209786,60.0,1.43533,-9.92001
0.161409,61.0,1.41333,-9.20235
0.280537,62.0,1.72802,-8.49568
0.174548,63.0,1.73458,-7.63168
0.136671,64.0,1.3515,-6.76438
0.165719,65.0,1.52417,-6.08863
0.196429,66.0,2.02209,-5.32655
0.0925373,67.0,1.93439,-4.31551
0.105232,68.0,1.82809,-3.34831
0.124304,69.0,2.05429,-2.43426
0.0296973,70.0,1.91333,-1.40712
0.0451477,71.0,1.82457,-0.450453
0.240916,72.0,1.49377,0.461831
0.23965,73.0,1.54321,1.20872
0.118437,74.0,1.74578,1.98032
0.196415,75.0,1.76737,2.85321
0.179594,76.0,1.82872,3.7369
0.154114,77.0,2.02755,4.65126
0.0572412,78.0,1.97407,5.66503
0.0417171,79.0,1.76065,6.65207
0.238447,80.0,1.27945,7.53239
0.0269406,81.0,1.33783,8.17212
0.125009,82.0,1.62804,8.84104
0.0796925,83.0,2.00486,9.65506
-0.00397575,84.0,1.89055,10.6575
-0.0496528,85.0,1.56365,11.6028
0.0852201,86.0,1.58173,12.3846
0.0784622,87.0,1.60595,13.1755
0.171888,88.0,1.32173,13.9784
0.115808,89.0,1.53797,14.6393
-0.132015,90.0,1.67781,15.4083
-0.227299,91.0,1.56938,16.2472
-0.235891,92.0,1.41825,17.0319
-0.0730343,93.0,1.13012,17.741
0.042099,94.0,0.9221,18.3061
-0.115851,95.0,0.894363,18.7671
-0.417501,96.0,1.05604,19.2143
-0.299825,97.0,1.13163,19.7423
-0.000506401,98.0,1.14247,20.3081
0.00124753,99.0,1.03156,20.8794
-0.202914,0.0,1.27838,43.3496
-0.123382,1.0,1.21546,43.9888
-0.098938,2.0,1.25485,44.5966
-0.0993549,3.0,1.34531,45.224
-0.283433,4.0,1.3737,45.8966
-0.0163535,5.0,0.875947,46.5835
-0.228889,6.0,0.536693,47.0215
-0.203017,7.0,0.518723,47.2898
-0.262276,8.0,0.696192,47.5492
-0.110114,9.0,0.629095,47.8973
-0.0723119,10.0,0.590724,48.2118
-0.252071,11.0,0.440518,48.5072
-0.0741494,12.0,0.101706,48.7274
-0.159021,13.0,-0.0732823,48.7783
-0.217517,14.0,-0.271326,48.7416
-0.0670941,15.0,-0.391387,48.606
-0.0462316,16.0,-0.779714,48.4103
0.00611162,17.0,-0.742538,48.0204
-0.0032447,18.0,-0.736615,47.6492
-0.0830948,19.0,-0.288722,47.2808
-0.0837272,20.0,-0.246434,47.1365
-0.194307,21.0,-0.257662,47.0133
-0.184991,22.0,-0.120948,46.8844
-0.173657,23.0,0.318767,46.824
-0.173056,24.0,0.269613,46.9833
-0.0397975,25.0,0.0799609,47.1182
-0.29824,26.0,-0.122461,47.1581
-0.140625,27.0,-0.521218,47.0969
-0.196899,28.0,-0.604285,46.8363
-0.009453,29.0,-1.02185,46.5342
-0.0687239,30.0,-0.845716,46.0232
-0.0553748,31.0,-0.632065,45.6004
-0.134672,32.0,-0.422452,45.2843
0.0444679,33.0,-0.541481,45.0731
-0.115401,34.0,-0.29739,44.8024
-0.22902,35.0,-0.437581,44.6537
-0.0839299,36.0,-0.725128,44.4349
-0.136443,37.0,-0.497661,44.0723
-0.289782,38.0,-0.485856,43.8235
-0.270646,39.0,-0.294403,43.5806
-0.280733,40.0,-0.580196,43.4334
-0.15399,41.0,-0.779349,43.1433
-0.217437,42.0,-1.06533,42.7536
-0.191951,43.0,-1.49615,42.2209
-0.0905626,44.0,-1.69245,41.4728
-0.138437,45.0,-1.46856,40.6266
-0.0818146,46.0,-1.41297,39.8923
-0.179494,47.0,-1.65812,39.1859
0.03784,48.0,-1.6871,38.3568
-0.180711,49.0,-1.52401,37.5132
-0.202441,50.0,-1.79452,36.7512
0.0152034,51.0,-2.11273,35.854
-0.0269766,52.0,-2.10801,34.7976
-0.159412,53.0,-1.82178,33.7436
-0.163797,54.0,-1.78759,32.8327
-0.0188341,55.0,-1.43905,31.9389
-0.0959219,56.0,-1.60855,31.2194
0.00459993,57.0,-1.63372,30.4151
-0.125331,58.0,-1.67807,29.5983
-0.0584545,59.0,-1.92894,28.7592
-0.132838,60.0,-1.82921,27.7948
-0.0533071,61.0,-2.13219,26.8802
0.101174,62.0,-2.31584,25.8141
-0.027318,63.0,-2.14666,24.6561
-0.0568442,64.0,-2.34071,23.5828
-0.0299774,65.0,-2.19183,22.4125
0.078932,66.0,-2.05495,21.3165
0.0715468,67.0,-2.0777,20.2891
0.0952089,68.0,-1.95174,19.2502
-0.0872555,69.0,-1.8128,18.2743
0.0280335,70.0,-2.01182,17.3679
0.0367916,71.0,-2.04408,16.362
0.151863,72.0,-2.09609,15.34
0.0353079,73.0,-1.79394,14.292
0.116022,74.0,-2.15873,13.395
0.131508,75.0,-2.32535,12.3156
0.109747,76.0,-1.94547,11.1529
-0.0088951,77.0,-1.6053,10.1802
0.0114423,78.0,-1.3981,9.37756
-0.103625,79.0,-1.0614,8.67851
-0.0823873,80.0,-1.12235,8.14781
-0.138163,81.0,-0.879493,7.58663
0.0898466,82.0,-1.18496,7.14689
0.171646,83.0,-1.26251,6.55441
-0.00146806,84.0,-1.53205,5.92315
0.155533,85.0,-1.33406,5.15712
0.183359,86.0,-1.24291,4.49009
0.0895315,87.0,-1.10407,3.86864
0.132035,88.0,-0.992479,3.31661
0.35234,89.0,-1.0671,2.82037
0.130197,90.0,-0.77533,2.28682
0.191562,91.0,-0.819858,1.89915
0.336786,92.0,-1.03345,1.48922
0.411922,93.0,-0.811363,0.972501
0.356594,94.0,-0.635901,0.566819
0.457111,95.0,-0.635388,0.248869
0.356841,96.0,-0.597856,-0.068825
0.432342,97.0,-0.563475,-0.367753
-0.0051527,98.0,-0.134594,-0.649491
-0.0029133,99.0,-0.485301,-0.716788
0.176383,0.0,-0.132329,-41.9316
0.239168,1.0,0.0947887,-41.9978
0.153734,2.0,0.334623,-41.9504
0.104978,3.0,0.469333,-41.7831
0.0448431,4.0,0.557222,-41.5484
0.231006,5.0,0.266076,-41.2698
0.198776,6.0,0.54134,-41.1368
0.0950997,7.0,0.375288,-40.8661
0.0184215,8.0,0.47881,-40.6785
0.0741895,9.0,0.109846,-40.4391
0.0661962,10.0,-0.10202,-40.3842
0.155144,11.0,-0.13982,-40.4352
0.236883,12.0,-0.0224386,-40.5051
0.190207,13.0,0.353564,-40.5163
0.20837,14.0,0.330365,-40.3395
0.234383,15.0,0.397403,-40.1743
0.174722,16.0,0.117205,-39.9756
0.24508,17.0,0.0290058,-39.917
0.194796,18.0,0.0421962,-39.9025
0.132768,19.0,0.245317,-39.8814
0.292635,20.0,0.103192,-39.7588
0.201494,21.0,0.0809051,-39.7072
0.314701,22.0,0.288454,-39.6667
0.0940971,23.0,0.441528,-39.5225
0.264335,24.0,0.0512342,-39.3017
0.19333,25.0,-0.238647,-39.2761
0.178232,26.0,0.331083,-39.3954
0.228223,27.0,0.452649,-39.2299
0.186278,28.0,0.5473,-39.0036
0.241012,29.0,0.293292,-38.7299
0.165001,30.0,0.269724,-38.5833
0.327011,31.0,0.292307,-38.4484
0.162371,32.0,0.397312,-38.3023
0.326998,33.0,0.601304,-38.1036
0.148751,34.0,0.759618,-37.8029
0.265241,35.0,0.621735,-37.4231
0.207622,36.0,0.566046,-37.1123
0.204393,37.0,0.589276,-36.8292
0.216908,38.0,0.764457,-36.5346
0.131206,39.0,0.804973,-36.1524
0.369219,40.0,0.583589,-35.7499
0.202183,41.0,1.17036,-35.4581
0.199642,42.0,1.14447,-34.8729
0.198776,43.0,1.26863,-34.3007
0.235373,44.0,1.37173,-33.6664
0.197998,45.0,1.11321,-32.9805
0.334693,46.0,1.26699,-32.4239
0.134531,47.0,1.92069,-31.7904
0.22418,48.0,1.94243,-30.8301
0.157636,49.0,1.88691,-29.8588
0.25474,50.0,1.989,-28.9154
0.150505,51.0,2.31612,-27.9209
0.172456,52.0,2.14262,-26.7628
0.207229,53.0,2.25568,-25.6915
0.198309,54.0,2.64364,-24.5637
0.243299,55.0,2.64311,-23.2419
0.116493,56.0,3.01885,-21.9203
0.132003,57.0,2.96345,-20.4109
0.135888,58.0,2.80551,-18.9292
0.0657616,59.0,3.09426,-17.5264
0.113863,60.0,3.18445,-15.9793
0.160506,61.0,2.76154,-14.387
-0.0714601,62.0,3.22028,-13.0063
-0.0459331,63.0,3.3786,-11.3961
0.0464042,64.0,3.49078,-9.70684
-0.214166,65.0,3.72629,-7.96145
-0.101866,66.0,3.17009,-6.0983
0.00398374,67.0,3.0147,-4.51326
-0.0255108,68.0,3.05299,-3.00591
0.0821478,69.0,2.69346,-1.47941
0.0749809,70.0,2.75451,-0.132686
-0.0369693,71.0,3.03178,1.24457
-0.115379,72.0,3.10006,2.76045
-0.191885,73.0,3.14881,4.31049
-0.138026,74.0,2.7727,5.88489
-0.202761,75.0,2.97921,7.27124
-0.235166,76.0,3.02921,8.76085
-0.411884,77.0,3.23507,10.2755
-0.3112,78.0,2.99979,11.893
-0.279029,79.0,3.01243,13.3929
-0.456829,80.0,3.03192,14.8991
-0.300326,81.0,3.05387,16.4151
-0.328696,82.0,2.9608,17.942
-0.343081,83.0,2.6533,19.4224
-0.258776,84.0,2.48178,20.749
-0.464798,85.0,2.79704,21.9899
-0.41327,86.0,3.2647,23.3885
-0.486332,87.0,2.78753,25.0208
-0.550066,88.0,2.27653,26.4146
-0.427175,89.0,2.35568,27.5528
-0.478173,90.0,2.06291,28.7307
-0.528295,91.0,1.78389,29.7621
-0.551859,92.0,1.4828,30.6541
-0.471166,93.0,1.21732,31.3955
-0.486827,94.0,1.0506,32.0041
-0.296861,95.0,0.987524,32.5294
-0.454073,96.0,0.825525,33.0232
-0.485355,97.0,0.608353,33.436
-0.0317639,98.0,0.541724,33.7401
-0.0171103,99.0,0.683509,34.011
0.209789,0.0,0.0462555,-94.0323
0.225202,1.0,0.236042,-94.0092
0.216138,2.0,0.179169,-93.8912
0.162501,3.0,0.190766,-93.8016
0.186637,4.0,0.424354,-93.7062
0.226301,5.0,0.247388,-93.494
0.252351,6.0,0.146565,-93.3703
0.226033,7.0,0.519149,-93.297
0.281161,8.0,0.924457,-93.0375
0.250707,9.0,1.62849,-92.5752
0.187155,10.0,1.60886,-91.761
0.289808,11.0,1.78242,-90.9566
0.107109,12.0,1.89152,-90.0654
0.151273,13.0,1.82025,-89.1196
0.132737,14.0,1.96902,-88.2095
0.204739,15.0,1.94692,-87.225
0.175983,16.0,1.88832,-86.2515
0.121978,17.0,2.1026,-85.3073
0.206318,18.0,1.93702,-84.256
0.31566,19.0,1.89014,-83.2875
0.126913,20.0,1.99556,-82.3425
0.203094,21.0,2.10261,-81.3447
0.27719,22.0,1.88595,-80.2934
0.116369,23.0,2.1728,-79.3504
0.214517,24.0,1.81615,-78.264
0.182839,25.0,2.04057,-77.3559
0.161712,26.0,2.09781,-76.3356
0.0699445,27.0,2.10835,-75.2867
0.29978,28.0,2.45291,-74.2326
0.0910289,29.0,2.38738,-73.0061
0.25171,30.0,2.28357,-71.8124
0.156762,31.0,2.10385,-70.6706
0.344508,32.0,2.03727,-69.6187
0.178073,33.0,2.20262,-68.6001
0.223999,34.0,2.06794,-67.4987
0.33327,35.0,2.0671,-66.4648
0.122236,36.0,2.0433,-65.4312
0.280671,37.0,2.01239,-64.4096
0.243879,38.0,2.2336,-63.4034
0.0870063,39.0,2.32394,-62.2866
0.339679,40.0,2.20372,-61.1246
0.186443,41.0,2.47978,-60.0228
0.319204,42.0,3.11602,-58.7829
0.0386345,43.0,3.3822,-57.2249
0.180666,44.0,3.33922,-55.5338
0.0961227,45.0,3.14659,-53.8641
0.0284903,46.0,3.08911,-52.2908
0.137236,47.0,3.04695,-50.7463
0.236547,48.0,3.20062,-49.2228
0.192223,49.0,3.18696,-47.6225
-0.0447093,50.0,3.32223,-46.029
0.220631,51.0,3.15167,-44.3679
0.244364,52.0,3.10923,-42.7921
0.160524,53.0,2.95394,-41.2375
0.00374961,54.0,3.15212,-39.7605
0.258422,55.0,3.04294,-38.1844
0.203665,56.0,3.08367,-36.663
0.243095,57.0,3.04881,-35.1211
0.159893,58.0,3.01087,-33.5967
0.0660887,59.0,2.99605,-32.0913
0.0980514,60.0,3.24291,-30.5933
-0.0117376,61.0,3.46071,-28.9718
0.0735122,62.0,3.31239,-27.2415
-0.0108795,63.0,3.41755,-25.5853
-0.0350975,64.0,3.37457,-23.8765
0.0299765,65.0,3.43745,-22.1892
-0.0487159,66.0,3.47199,-20.4705
-0.011712,67.0,2.9169,-18.7345
-0.0499321,68.0,3.14125,-17.276
-0.0243276,69.0,2.94503,-15.7054
-0.0713676,70.0,3.08099,-14.2329
0.0509316,71.0,3.09947,-12.6924
-0.0121363,72.0,2.86233,-11.1427
-0.0721627,73.0,3.1351,-9.7115
-0.121172,74.0,3.00254,-8.14395
-0.249973,75.0,3.48696,-6.64267
-0.235952,76.0,3.75855,-4.89919
-0.280818,77.0,3.49045,-3.01992
-0.326113,78.0,3.43747,-1.27469
-0.313666,79.0,3.19709,0.444042
-0.159744,80.0,2.64787,2.04259
-0.230302,81.0,2.59888,3.36652
-0.259401,82.0,2.93004,4.66596
-0.380232,83.0,2.89542,6.13098
-0.350528,84.0,2.85163,7.57869
-0.536897,85.0,2.9637,9.0045
-0.509171,86.0,2.80036,10.4864
-0.441185,87.0,2.42678,11.8865
-0.517178,88.0,2.36002,13.0999
-0.440615,89.0,2.07943,14.2799
-0.512311,90.0,2.29355,15.3196
-0.431619,91.0,2.33354,16.4664
-0.377712,92.0,2.37902,17.6332
-0.496717,93.0,1.85936,18.8227
-0.455533,94.0,1.59853,19.7524
-0.483114,95.0,1.44752,20.5517
-0.374361,96.0,1.16244,21.2754
-0.444861,97.0,0.994863,21.8566
-0.0263344,98.0,1.0571,22.3541
-0.0256703,99.0,1.0512,22.8826
0.25362,0.0,-1.43944,-67.7676
0.216847,1.0,-1.40466,-68.4873
0.313156,2.0,-1.2036,-69.1896
0.377461,3.0,-1.09001,-69.7914
0.361463,4.0,-1.25245,-70.3364
0.225655,5.0,-0.784631,-70.9626
0.273081,6.0,-0.859486,-71.3549
0.240634,7.0,-0.809188,-71.7847
0.339088,8.0,-0.779395,-72.1893
0.324949,9.0,-0.622899,-72.579
0.2033,10.0,-0.758192,-72.8904
0.384408,11.0,-0.596476,-73.2695
0.376941,12.0,-0.290668,-73.5678
0.386917,13.0,-0.0436698,-73.7131
0.357902,14.0,0.3172,-73.7349
0.312734,15.0,0.214046,-73.5763
0.205888,16.0,0.666396,-73.4693
0.0483606,17.0,0.94656,-73.1361
0.307593,18.0,0.971714,-72.6628
0.121049,19.0,1.55933,-72.177
0.133813,20.0,1.85287,-71.3973
0.136372,21.0,2.25582,-70.4709
0.114396,22.0,2.6981,-69.343
0.285398,23.0,2.68794,-67.9939
0.0788907,24.0,2.72458,-66.6499
0.154727,25.0,3.1896,-65.2877
0.0447307,26.0,3.15174,-63.6928
0.198565,27.0,2.70754,-62.117
0.185421,28.0,2.75692,-60.7632
0.228685,29.0,2.46154,-59.3848
-0.0911413,30.0,2.75511,-58.154
0.0992979,31.0,2.73678,-56.7764
0.0207982,32.0,2.95508,-55.408
0.0455797,33.0,3.05848,-53.9305
0.139123,34.0,3.12968,-52.4012
0.0526187,35.0,3.36322,-50.8364
0.0992343,36.0,3.23726,-49.1548
0.0615172,37.0,3.27862,-47.5362
0.179082,38.0,3.32935,-45.8969
-0.0403978,39.0,3.26084,-44.2322
0.0406165,40.0,3.21192,-42.6018
0.0751432,41.0,3.47186,-40.9958
-0.0736093,42.0,3.64376,-39.2599
0.0538763,43.0,3.54223,-37.438
0.00714648,44.0,3.31615,-35.6669
0.0421271,45.0,2.85027,-34.0088
0.09535,46.0,2.54748,-32.5837
0.136079,47.0,2.84109,-31.3099
0.0494236,48.0,3.25106,-29.8894
0.0745006,49.0,3.03124,-28.2638
0.12867,50.0,2.72347,-26.7482
0.171643,51.0,2.73211,-25.3865
0.136427,52.0,2.44093,-24.0204
0.00696385,53.0,2.77492,-22.8
-0.00245965,54.0,2.96736,-21.4125
-0.0511803,55.0,3.0961,-19.9288
-0.0715098,56.0,2.82294,-18.3808
0.058815,57.0,3.0891,-16.9693
-0.0730662,58.0,2.94687,-15.4248
0.0331255,59.0,2.57961,-13.9513
-0.0639778,60.0,2.64483,-12.6615
0.0557443,61.0,2.27975,-11.3391
0.155683,62.0,2.02157,-10.1992
0.0177811,63.0,2.40184,-9.18845
-0.0256376,64.0,2.56849,-7.98753
0.12729,65.0,2.40964,-6.70329
0.020734,66.0,2.40746,-5.49847
0.0408273,67.0,2.4632,-4.29474
-0.0940482,68.0,2.32445,-3.06314
-0.0673534,69.0,2.14292,-1.90092
-0.0697476,70.0,2.08199,-0.829455
0.00712836,71.0,1.90245,0.211538
0.160924,72.0,1.86415,1.16277
0.209842,73.0,1.90896,2.09484
-0.0467209,74.0,2.18214,3.04932
-0.0601301,75.0,2.21084,4.14039
0.0929916,76.0,2.11834,5.24581
-0.169134,77.0,2.22081,6.30498
-0.00181156,78.0,2.10224,7.41538
-0.0637894,79.0,1.98874,8.4665
-0.0196654,80.0,1.80083,9.46087
-0.0817211,81.0,1.80706,10.3613
0.0744954,82.0,1.56818,11.2648
0.0607532,83.0,1.60513,12.0489
-0.013413,84.0,1.43497,12.8515
-0.0597944,85.0,1.82381,13.569
-0.337466,86.0,2.06763,14.4809
-0.206981,87.0,1.44704,15.5147
-0.315742,88.0,1.81953,16.2382
-0.42453,89.0,1.68792,17.148
-0.363812,90.0,1.45091,17.9919
-0.261637,91.0,1.47691,18.7174
-0.305195,92.0,1.46776,19.4558
-0.445119,93.0,1.31147,20.1897
-0.448898,94.0,0.986815,20.8454
-0.308518,95.0,0.680232,21.3389
-0.259497,96.0,0.77615,21.679
0.0310982,97.0,0.583434,22.067
0.00721085,98.0,0.141596,22.3588
-0.00433183,99.0,-0.32859,22.4296
-0.18253,0.0,-0.381093,99.0366
-0.266064,1.0,-0.687638,98.846
-0.161135,2.0,-0.945061,98.5022
-0.305586,3.0,-0.975113,98.0297
-0.256546,4.0,-1.02598,97.5421
-0.17604,5.0,-1.43214,97.0292
-0.245601,6.0,-1.5846,96.3131
-0.208113,7.0,-1.93838,95.5208
-0.230223,8.0,-2.51478,94.5516
-0.190771,9.0,-2.54841,93.2942
-0.10719,10.0,-2.56941,92.02
-0.162128,11.0,-2.64438,90.7353
-0.139186,12.0,-2.56316,89.4131
-0.15288,13.0,-2.88133,88.1315
-0.12938,14.0,-3.2576,86.6908
-0.056187,15.0,-3.42358,85.062
-0.0525092,16.0,-3.3271,83.3503
0.0437028,17.0,-3.29716,81.6867
0.0123905,18.0,-3.15635,80.0381
-0.0197135,19.0,-3.41176,78.46
0.0615845,20.0,-3.40835,76.7541
-0.0157062,21.0,-3.53856,75.0499
0.122064,22.0,-3.47089,73.2806
0.0307045,23.0,-3.09713,71.5452
0.0565137,24.0,-3.2446,69.9966
-0.120239,25.0,-2.63934,68.3743
-0.231778,26.0,-2.30882,67.0546
-0.0888076,27.0,-2.12737,65.9002
-0.149787,28.0,-2.1602,64.8365
-0.246433,29.0,-2.45543,63.7564
-0.0544423,30.0,-2.41644,62.5287
-0.10736,31.0,-2.53869,61.3205
-0.0931532,32.0,-2.37268,60.0512
-0.227339,33.0,-2.09075,58.8648
-0.0651974,34.0,-2.48918,57.8195
-0.099426,35.0,-2.71022,56.5749
0.0875109,36.0,-3.10875,55.2198
-0.00319648,37.0,-3.00588,53.6654
-0.131441,38.0,-2.73977,52.1624
0.0209085,39.0,-2.73083,50.7926
-0.0478411,40.0,-3.13068,49.4271
0.150929,41.0,-3.23635,47.8618
-0.0514382,42.0,-3.17459,46.2436
0.00272536,43.0,-3.07695,44.6563
0.0225319,44.0,-3.15168,43.1179
-0.0274619,45.0,-2.56416,41.542
-0.0278974,46.0,-2.52829,40.2599
0.0066551,47.0,-2.28241,38.9958
0.0446866,48.0,-2.30634,37.8546
-0.000488758,49.0,-2.39386,36.7014
-0.133837,50.0,-2.16053,35.5045
-0.18777,51.0,-1.99899,34.4242
-0.078611,52.0,-2.47638,33.4247
0.021675,53.0,-2.87526,32.1865
0.0770028,54.0,-2.8497,30.7489
-0.0329884,55.0,-2.83356,29.3241
0.0622652,56.0,-2.97829,27.9073
0.130404,57.0,-2.87747,26.4181
-0.0181906,58.0,-2.84966,24.9794
0.10999,59.0,-3.51936,23.5546
0.131182,60.0,-4.10084,21.7949
0.262786,61.0,-3.72734,19.7445
0.0971642,62.0,-3.26562,17.8808
0.264277,63.0,-3.16452,16.248
0.099149,64.0,-2.83112,14.6657
0.172255,65.0,-2.30268,13.2502
0.248735,66.0,-2.3409,12.0988
0.174955,67.0,-2.51677,10.9284
0.130813,68.0,-2.32931,9.66999
0.113487,69.0,-2.69139,8.50533
0.233451,70.0,-2.95226,7.15964
0.191649,71.0,-2.81482,5.68351
0.342947,72.0,-2.61255,4.27609
0.379581,73.0,-2.66168,2.96982
0.257377,74.0,-2.58308,1.63898
0.13892,75.0,-2.32247,0.34744
0.297299,76.0,-2.43472,-0.813793
0.413493,77.0,-2.49294,-2.03115
0.23785,78.0,-2.31823,-3.27762
0.412983,79.0,-1.99261,-4.43674
0.320738,80.0,-1.68376,-5.43304
0.316444,81.0,-1.53402,-6.27492
0.411944,82.0,-1.3824,-7.04193
0.338204,83.0,-1.39744,-7.73313
0.400721,84.0,-1.29292,-8.43185
0.405839,85.0,-1.21496,-9.07831
0.451725,86.0,-0.868268,-9.68579
0.439541,87.0,-0.611826,-10.1199
0.25301,88.0,-0.81517,-10.4258
0.413431,89.0,-0.745998,-10.8334
0.446028,90.0,-0.821551,-11.2064
0.465556,91.0,-0.661737,-11.6172
0.439035,92.0,-0.83879,-11.9481
0.588662,93.0,-0.612642,-12.3675
0.445711,94.0,-0.487492,-12.6738
0.47566,95.0,-0.417329,-12.9175
0.291169,96.0,0.073383,-13.1262
0.338503,97.0,0.249463,-13.0895
-0.031602,98.0,0.340661,-12.9648
-0.0174856,99.0,0.221922,-12.7944
0.13292,0.0,0.842456,-65.325
0.196032,1.0,1.229,-64.9038
0.141694,2.0,1.10467,-64.2893
0.260804,3.0,1.04228,-63.737
0.171612,4.0,1.08567,-63.2158
0.182568,5.0,1.5368,-62.673
0.0868077,6.0,1.86935,-61.9046
0.141851,7.0,2.22715,-60.9699
0.114834,8.0,1.87345,-59.8563
0.0657598,9.0,2.19555,-58.9196
0.140725,10.0,1.82253,-57.8218
0.200972,11.0,1.78331,-56.9106
0.0674484,12.0,2.12891,-56.0189
0.075186,13.0,2.50072,-54.9545
0.197406,14.0,2.25263,-53.7041
0.202511,15.0,2.31,-52.5778
0.245478,16.0,2.17915,-51.4228
0.146322,17.0,2.32536,-50.3332
0.114883,18.0,2.19675,-49.1705
0.0283817,19.0,2.50082,-48.0722
0.0281111,20.0,2.63239,-46.8217
0.0848067,21.0,2.70877,-45.5055
0.0781475,22.0,2.45281,-44.1512
0.190021,23.0,2.73435,-42.9248
0.136046,24.0,2.84385,-41.5576
0.110411,25.0,3.06374,-40.1357
0.122887,26.0,2.94824,-38.6038
0.0455242,27.0,2.99284,-37.1297
0.121086,28.0,3.0777,-35.6332
0.00740075,29.0,3.20163,-34.0944
0.121907,30.0,3.52324,-32.4936
-0.0673791,31.0,3.87437,-30.732
-0.0526004,32.0,3.94226,-28.7948
0.0527072,33.0,4.04488,-26.8236
-0.100972,34.0,4.08562,-24.8012
-0.111929,35.0,4.03787,-22.7584
-0.0679036,36.0,4.201,-20.7395
0.0521477,37.0,3.84565,-18.639
-0.144835,38.0,3.66661,-16.7161
0.03847,39.0,3.34421,-14.8828
0.100985,40.0,3.2786,-13.2107
0.0502315,41.0,3.42461,-11.5714
-0.0980806,42.0,3.71492,-9.85911
-0.0706034,43.0,3.67959,-8.00165
0.0270008,44.0,3.53461,-6.16186
-0.134868,45.0,3.51862,-4.39455
0.0607338,46.0,3.21082,-2.63524
0.0122588,47.0,2.9801,-1.02983
-0.100761,48.0,2.95537,0.460219
-0.178824,49.0,3.08888,1.9379
-0.128613,50.0,3.26899,3.48234
0.0344223,51.0,3.14211,5.11684
-0.0935576,52.0,3.36191,6.68789
-0.1437,53.0,3.22521,8.36885
-0.17202,54.0,3.03411,9.98146
-0.000962734,55.0,2.81484,11.4985
-0.0551345,56.0,3.09728,12.9059
-0.239073,57.0,3.10577,14.4546
-0.239404,58.0,2.81395,16.0075
-0.0394645,59.0,2.53899,17.4144
-0.225932,60.0,3.04035,18.6839
-0.121592,61.0,2.83162,20.2041
-0.220061,62.0,2.82843,21.6199
-0.307113,63.0,2.77034,23.0341
-0.121964,64.0,2.3617,24.4193
-0.157677,65.0,2.18807,25.6002
-0.00742722,66.0,1.83734,26.6942
-0.207048,67.0,2.12573,27.6129
0.0218354,68.0,2.09109,28.6757
-0.237344,69.0,2.23648,29.7213
-0.119883,70.0,1.84999,30.8395
-0.185174,71.0,1.92821,31.7645
-0.0580081,72.0,2.28629,32.7286
-0.117589,73.0,2.16143,33.8717
-0.231245,74.0,2.33168,34.9525
-0.253054,75.0,2.32076,36.1183
-0.166165,76.0,2.16389,37.2787
-0.262091,77.0,1.7283,38.3606
-0.298502,78.0,1.41449,39.2248
-0.197198,79.0,1.41291,39.932
-0.189508,80.0,1.38332,40.6385
-0.412562,81.0,1.57704,41.3301
-0.146796,82.0,1.26491,42.1187
-0.236405,83.0,1.25007,42.7511
-0.403725,84.0,0.907178,43.3761
-0.283595,85.0,0.604369,43.8297
-0.128755,86.0,0.545088,44.1319
-0.428666,87.0,0.539655,44.4045
-0.112082,88.0,0.252555,44.6743
-0.417346,89.0,0.389859,44.8006
-0.500834,90.0,-0.176209,44.9955
-0.229885,91.0,-0.274584,44.9074
-0.257293,92.0,-0.649672,44.7701
-0.24176,93.0,-0.849351,44.4453
-0.165948,94.0,-0.989422,44.0206
-0.29601,95.0,-1.09767,43.5259
-0.432382,96.0,-1.37983,42.977
-0.0121869,97.0,-2.20045,42.2871
-0.00189567,98.0,-2.45334,41.1869
-0.033433,99.0,-2.5853,39.9602
-0.16405,0.0,0.0479706,61.1341
-0.125257,1.0,-0.325466,61.1581
-0.12127,2.0,-0.235173,60.9953
-0.166428,3.0,-0.518398,60.8777
-0.241275,4.0,-0.369434,60.6185
-0.0998967,5.0,-0.27933,60.4338
-0.177444,6.0,-0.503716,60.2942
-0.143231,7.0,-0.597584,60.0423
-0.0896646,8.0,-0.637558,59.7435
-0.0258679,9.0,-0.647295,59.4247
-0.0242844,10.0,-1.11836,59.1011
-0.0813624,11.0,-0.941403,58.5419
-0.121299,12.0,-1.20837,58.0712
-0.150961,13.0,-1.33112,57.467
-0.0266777,14.0,-1.0246,56.8015
-0.0874015,15.0,-0.936757,56.2892
-0.130448,16.0,-0.463289,55.8208
-0.0674944,17.0,-0.653003,55.5891
-0.0650801,18.0,-0.611131,55.2626
-0.0931325,19.0,-0.727331,54.9571
-0.18146,20.0,-0.462119,54.5934
-0.140384,21.0,-0.594951,54.3624
-0.12086,22.0,-0.667469,54.0649
-0.205799,23.0,-0.742724,53.7311
-0.220314,24.0,-0.843171,53.3598
-0.12996,25.0,-0.968439,52.9382
-0.0564852,26.0,-1.17773,52.454
-0.136638,27.0,-1.29634,51.8651
-0.0636299,28.0,-1.37318,51.2169
-0.108335,29.0,-1.4603,50.5303
-0.125374,30.0,-1.65635,49.8002
-0.145171,31.0,-1.84715,48.972
-0.0759561,32.0,-1.99764,48.0485
-0.0363926,33.0,-2.27358,47.0496
-0.0864177,34.0,-2.00977,45.9128
-0.0238973,35.0,-2.09753,44.908
-0.223184,36.0,-1.89915,43.8592
0.0219533,37.0,-1.92826,42.9096
-0.145354,38.0,-1.65905,41.9455
-0.146834,39.0,-1.77538,41.116
-0.175865,40.0,-1.63248,40.2283
-0.123394,41.0,-1.50288,39.412
-0.123963,42.0,-1.86069,38.6606
-0.204435,43.0,-1.79458,37.7302
-0.250431,44.0,-1.49008,36.833
-0.145649,45.0,-1.57958,36.0879
-0.311715,46.0,-1.34608,35.2981
-0.157199,47.0,-1.72737,34.6251
-0.0727515,48.0,-2.09839,33.7614
-0.0549294,49.0,-2.50898,32.7122
-0.0757834,50.0,-2.4843,31.4577
0.021522,51.0,-2.58754,30.2156
0.135635,52.0,-2.79643,28.9218
0.132105,53.0,-2.70221,27.5236
0.0833453,54.0,-3.10309,26.1725
0.193418,55.0,-3.36417,24.6209
0.197754,56.0,-3.56026,22.9388
0.0706513,57.0,-3.72359,21.1587
0.262269,58.0,-4.10917,19.2969
0.155938,59.0,-3.95195,17.2423
0.206774,60.0,-3.89293,15.2664
0.213959,61.0,-3.46477,13.3199
0.0825323,62.0,-3.35501,11.5875
0.115919,63.0,-3.01013,9.91001
0.0710959,64.0,-2.49508,8.40494
0.100382,65.0,-2.49326,7.1574
0.165801,66.0,-2.07559,5.91078
0.150621,67.0,-2.00212,4.87298
0.0395925,68.0,-2.02636,3.87192
0.00576127,69.0,-1.3074,2.85874
0.034741,70.0,-1.46576,2.20504
0.12553,71.0,-1.44753,1.47216
0.0302469,72.0,-1.72926,0.748392
0.200295,73.0,-1.76362,-0.116239
0.0783781,74.0,-1.45855,-0.998051
0.0502548,75.0,-1.60792,-1.72732
0.150474,76.0,-1.36332,-2.53128
0.110622,77.0,-1.36528,-3.21294
0.217131,78.0,-1.61144,-3.89558
0.254286,79.0,-1.36097,-4.7013
-0.0550909,80.0,-0.914697,-5.38178
0.0207943,81.0,-1.06906,-5.83913
0.153573,82.0,-0.904103,-6.37366
0.297839,83.0,-1.31134,-6.82571
0.30085,84.0,-1.24305,-7.48138
-0.0314819,85.0,-1.34201,-8.10291
0.305662,86.0,-1.37776,-8.77392
0.362328,87.0,-1.66128,-9.46279
0.315026,88.0,-1.3229,-10.2934
0.150283,89.0,-0.636233,-10.9549
0.326222,90.0,-0.849578,-11.273
0.27166,91.0,-1.05533,-11.6978
0.439882,92.0,-1.15569,-12.2255
0.369316,93.0,-1.21725,-12.8033
0.567281,94.0,-1.04695,-13.4119
0.436242,95.0,-1.13573,-13.9354
0.130708,96.0,-0.81354,-14.5033
0.504001,97.0,-0.64908,-14.91
0.0295531,98.0,-0.422798,-15.2346
0.0122219,99.0,-0.456304,-15.446
