states: t,states: v,states: x
1.0,-0.860922,49.7636
2.0,-1.01907,49.3332
3.0,-1.05384,48.8236
4.0,-0.774674,48.2967
5.0,-1.00438,47.9094
6.0,-1.01418,47.4072
7.0,-0.568968,46.9001
8.0,-0.215104,46.6156
9.0,-0.0363474,46.508
10.0,-0.0294769,46.4899
11.0,0.0928171,46.4751
12.0,0.152021,46.5215
13.0,0.172686,46.5976
14.0,-0.0650205,46.6839
15.0,0.107174,46.6514
16.0,-0.217798,46.705
17.0,-0.591937,46.5961
18.0,-0.240421,46.3001
19.0,-0.519568,46.1799
20.0,-0.587474,45.9201
21.0,-0.726592,45.6264
22.0,-0.940115,45.2631
23.0,-0.713686,44.793
24.0,-0.63592,44.4362
25.0,-0.251515,44.1182
26.0,-0.596045,43.9925
27.0,-0.488991,43.6944
28.0,-0.270356,43.4499
29.0,-0.106811,43.3148
30.0,-0.137496,43.2614
31.0,-0.46761,43.1926
32.0,-0.198831,42.9588
33.0,-0.225879,42.8594
34.0,0.32764,42.7465
35.0,0.451015,42.9103
36.0,0.274377,43.1358
37.0,0.365631,43.273
38.0,-0.0561947,43.4558
39.0,0.00209542,43.4277
40.0,0.114752,43.4287
41.0,-0.248277,43.4861
42.0,-0.637928,43.362
43.0,-1.03863,43.043
44.0,-1.01803,42.5237
45.0,-0.815884,42.0147
46.0,-0.781055,41.6067
47.0,-0.217511,41.2162
48.0,-0.573567,41.1074
49.0,-0.766665,40.8207
50.0,-1.04313,40.4373
51.0,-0.888236,39.9158
52.0,-0.853511,39.4716
53.0,-0.941699,39.0449
54.0,-0.749856,38.574
55.0,-0.840689,38.1991
56.0,-0.672474,37.7788
57.0,-0.837019,37.4425
58.0,-1.33281,37.024
59.0,-1.43227,36.3576
60.0,-1.23811,35.6415
61.0,-0.844122,35.0224
62.0,-0.90644,34.6004
63.0,-0.969319,34.1471
64.0,-1.12137,33.6625
65.0,-0.552299,33.1018
66.0,-0.589829,32.8256
67.0,-0.30196,32.5307
68.0,0.0187684,32.3798
69.0,0.182775,32.3891
70.0,0.000240281,32.4805
71.0,-0.109805,32.4806
72.0,-0.381088,32.4257
73.0,-0.193334,32.2352
74.0,-0.203477,32.1385
75.0,-0.393483,32.0368
76.0,-1.09881,31.8401
77.0,-1.23889,31.2907
78.0,-1.14947,30.6712
79.0,-1.18397,30.0965
80.0,-1.23675,29.5045
81.0,-1.26818,28.8861
82.0,-1.21912,28.252
83.0,-0.981092,27.6425
84.0,-1.52493,27.1519
85.0,-1.49051,26.3894
86.0,-1.71872,25.6442
87.0,-1.24161,24.7848
88.0,-1.67098,24.164
89.0,-1.41781,23.3285
90.0,-1.99789,22.6196
91.0,-1.54027,21.6207
92.0,-1.2754,20.8505
93.0,-1.21376,20.2129
94.0,-1.074,19.606
95.0,-0.778408,19.069
96.0,-0.452532,18.6798
97.0,-0.288319,18.4535
98.0,-0.024515,18.3093
99.0,-0.212095,18.2971
100.0,-0.20224,18.191
1.0,0.342681,-60.8027
2.0,0.261553,-60.6313
3.0,0.275655,-60.5005
4.0,0.572509,-60.3627
5.0,0.927317,-60.0765
6.0,0.937003,-59.6128
7.0,0.820521,-59.1443
8.0,1.19507,-58.734
9.0,1.36651,-58.1365
10.0,1.46704,-57.4533
11.0,1.78767,-56.7197
12.0,1.75982,-55.8259
13.0,1.81244,-54.946
14.0,1.89348,-54.0398
15.0,1.88585,-53.093
16.0,1.83146,-52.1501
17.0,1.67918,-51.2344
18.0,1.88148,-50.3948
19.0,1.50919,-49.454
20.0,1.43592,-48.6994
21.0,1.53112,-47.9815
22.0,1.86538,-47.2159
23.0,1.90675,-46.2832
24.0,1.92033,-45.3299
25.0,2.02958,-44.3697
26.0,1.89922,-43.3549
27.0,1.80806,-42.4053
28.0,1.98403,-41.5013
29.0,2.58825,-40.5093
30.0,2.47892,-39.2151
31.0,2.47927,-37.9757
32.0,2.50124,-36.736
33.0,2.9269,-35.4854
34.0,2.51363,-34.022
35.0,2.19375,-32.7651
36.0,2.21527,-31.6683
37.0,2.27732,-30.5606
38.0,1.97095,-29.422
39.0,1.75519,-28.4365
40.0,2.03493,-27.5589
41.0,2.26985,-26.5414
42.0,2.60475,-25.4065
43.0,2.83647,-24.1041
44.0,2.65077,-22.6859
45.0,3.03425,-21.3605
46.0,2.94244,-19.8434
47.0,3.0859,-18.3722
48.0,2.95381,-16.8292
49.0,2.8701,-15.3523
50.0,3.14815,-13.9173
51.0,3.06034,-12.3432
52.0,3.15688,-10.813
53.0,3.16868,-9.23459
54.0,3.24848,-7.65025
55.0,3.17131,-6.02601
56.0,3.11557,-4.44035
57.0,2.86523,-2.88257
58.0,2.84372,-1.44995
59.0,2.66343,-0.0280938
60.0,3.08015,1.30362
61.0,3.53699,2.84369
62.0,3.55846,4.61219
63.0,3.79334,6.39142
64.0,3.23001,8.28809
65.0,3.20572,9.90309
66.0,3.0786,11.506
67.0,2.92875,13.0453
68.0,2.78556,14.5096
69.0,2.69731,15.9024
70.0,2.59713,17.2511
71.0,2.48012,18.5496
72.0,2.88459,19.7897
73.0,2.91587,21.232
74.0,2.73267,22.6899
75.0,2.62057,24.0563
76.0,2.5006,25.3665
77.0,2.34581,26.6168
78.0,2.10429,27.7897
79.0,2.52497,28.8419
80.0,2.13871,30.1044
81.0,1.92709,31.1737
82.0,1.83008,32.1373
83.0,1.6479,33.0523
84.0,1.55899,33.8763
85.0,1.3146,34.6558
86.0,0.738182,35.3131
87.0,0.519382,35.6822
88.0,0.37902,35.9418
89.0,0.318344,36.1314
90.0,0.232612,36.2905
91.0,0.0975042,36.4068
92.0,-0.449739,36.4556
93.0,-0.857372,36.2307
94.0,-1.00433,35.802
95.0,-1.09078,35.2999
96.0,-0.861865,34.7545
97.0,-0.954082,34.3235
98.0,-1.0844,33.8465
99.0,-1.42393,33.3043
100.0,-1.83521,32.5923
1.0,1.21273,47.7243
2.0,1.17766,48.3306
3.0,0.9151,48.9195
4.0,0.858196,49.377
5.0,0.82009,49.8061
6.0,0.943513,50.2162
7.0,0.661695,50.6879
8.0,0.493688,51.0188
9.0,0.343804,51.2656
10.0,0.0884848,51.4375
11.0,0.155233,51.4817
12.0,0.209933,51.5594
13.0,0.104392,51.6643
14.0,-0.179793,51.7165
15.0,-0.0285608,51.6266
16.0,-0.239061,51.6123
17.0,-0.420191,51.4928
18.0,-0.458254,51.2827
19.0,-0.683287,51.0536
20.0,-0.716853,50.712
21.0,-0.609074,50.3535
22.0,-0.176787,50.049
23.0,-0.178219,49.9606
24.0,-0.396353,49.8715
25.0,-0.793836,49.6733
26.0,-1.01559,49.2764
27.0,-1.06,48.7686
28.0,-1.08805,48.2386
29.0,-1.23722,47.6946
30.0,-1.24121,47.076
31.0,-1.1955,46.4553
32.0,-1.67126,45.8576
33.0,-1.75077,45.022
34.0,-1.85038,44.1466
35.0,-1.4245,43.2214
36.0,-1.3476,42.5091
37.0,-1.52073,41.8353
38.0,-1.29241,41.075
39.0,-1.13666,40.4288
40.0,-1.21451,39.8604
41.0,-1.47709,39.2532
42.0,-1.46481,38.5146
43.0,-1.61349,37.7822
44.0,-1.75229,36.9755
45.0,-1.36048,36.0993
46.0,-1.45074,35.4191
47.0,-1.79325,34.6937
48.0,-1.57248,33.7971
49.0,-1.80897,33.0109
50.0,-2.05507,32.1064
51.0,-2.17794,31.0789
52.0,-2.41844,29.9899
53.0,-2.57233,28.7807
54.0,-2.56008,27.4945
55.0,-2.70706,26.2145
56.0,-3.12798,24.8609
57.0,-3.08031,23.2969
58.0,-3.05151,21.7568
59.0,-3.454,20.231
60.0,-3.58495,18.504
61.0,-3.6187,16.7116
62.0,-3.41565,14.9022
63.0,-3.19623,13.1944
64.0,-3.22835,11.5963
65.0,-2.92471,9.98209
66.0,-2.27654,8.51974
67.0,-2.20258,7.38146
68.0,-2.79115,6.28017
69.0,-2.62363,4.8846
70.0,-2.31807,3.57279
71.0,-2.2295,2.41375
72.0,-2.19126,1.299
73.0,-2.20925,0.203366
74.0,-2.0211,-0.901261
75.0,-1.92258,-1.91181
76.0,-2.1411,-2.8731
77.0,-2.05746,-3.94365
78.0,-1.84833,-4.97238
79.0,-1.47244,-5.89654
80.0,-1.65206,-6.63277
81.0,-1.31551,-7.4588
82.0,-1.21404,-8.11655
83.0,-1.18902,-8.72357
84.0,-1.02916,-9.31808
85.0,-1.38534,-9.83266
86.0,-1.2752,-10.5253
87.0,-0.901755,-11.1629
88.0,-0.626169,-11.6138
89.0,-0.447359,-11.9269
90.0,-0.178524,-12.1506
91.0,0.032104,-12.2398
92.0,-0.144663,-12.2238
93.0,0.231139,-12.2961
94.0,0.579355,-12.1805
95.0,0.697278,-11.8909
96.0,0.397465,-11.5422
97.0,0.464585,-11.3435
98.0,0.4195,-11.1112
99.0,0.281215,-10.9015
100.0,0.489697,-10.7608
1.0,-0.754325,173.957
2.0,-0.93372,173.58
3.0,-1.25003,173.113
4.0,-1.71596,172.488
5.0,-1.98953,171.63
6.0,-2.00429,170.636
7.0,-1.86065,169.634
8.0,-2.1796,168.703
9.0,-2.42813,167.613
10.0,-2.78048,166.399
11.0,-2.76146,165.009
12.0,-2.8409,163.628
13.0,-3.41608,162.208
14.0,-3.47268,160.5
15.0,-3.47171,158.764
16.0,-3.43711,157.028
17.0,-3.54759,155.309
18.0,-3.73039,153.535
19.0,-4.29239,151.67
20.0,-4.25152,149.524
21.0,-4.19113,147.398
22.0,-4.30922,145.303
23.0,-4.18192,143.148
24.0,-4.47551,141.057
25.0,-4.47287,138.819
26.0,-4.44064,136.583
27.0,-4.85811,134.363
28.0,-4.82009,131.933
29.0,-5.16692,129.523
30.0,-5.41647,126.94
31.0,-5.07697,124.232
32.0,-5.24771,121.693
33.0,-5.07135,119.069
34.0,-5.45421,116.534
35.0,-5.56352,113.807
36.0,-5.19968,111.025
37.0,-5.12898,108.425
38.0,-5.26973,105.861
39.0,-5.42529,103.226
40.0,-5.48343,100.513
41.0,-5.04219,97.7713
42.0,-5.29213,95.2502
43.0,-5.47737,92.6041
44.0,-5.58746,89.8654
45.0,-5.53413,87.0717
46.0,-5.69674,84.3046
47.0,-5.41361,81.4563
48.0,-5.09371,78.7495
49.0,-4.81303,76.2026
50.0,-4.52319,73.7961
51.0,-4.65271,71.5345
52.0,-4.86035,69.2082
53.0,-5.07623,66.778
54.0,-4.93321,64.2399
55.0,-5.32448,61.7733
56.0,-5.19511,59.111
57.0,-5.41999,56.5135
58.0,-5.12111,53.8035
59.0,-5.20312,51.2429
60.0,-4.98591,48.6414
61.0,-4.59672,46.1484
62.0,-4.42423,43.85
63.0,-4.38501,41.6379
64.0,-4.43475,39.4454
65.0,-4.28497,37.228
66.0,-4.21623,35.0856
67.0,-4.23105,32.9774
68.0,-3.68745,30.8619
69.0,-3.57305,29.0182
70.0,-3.50024,27.2317
71.0,-3.19247,25.4816
72.0,-3.29583,23.8853
73.0,-3.00728,22.2374
74.0,-2.50379,20.7338
75.0,-2.03728,19.4819
76.0,-1.69555,18.4632
77.0,-1.34918,17.6155
78.0,-1.19481,16.9409
79.0,-1.08534,16.3435
80.0,-0.923012,15.8008
81.0,-1.10447,15.3393
82.0,-1.25247,14.787
83.0,-1.58407,14.1608
84.0,-1.36992,13.3688
85.0,-1.46969,12.6838
86.0,-1.06747,11.949
87.0,-0.57389,11.4152
88.0,-0.760025,11.1283
89.0,-0.694093,10.7483
90.0,-0.811361,10.4012
91.0,-0.645368,9.99555
92.0,-0.38839,9.67286
93.0,-0.190072,9.47867
94.0,-0.179587,9.38363
95.0,-0.274775,9.29384
96.0,-0.214966,9.15645
97.0,-0.447382,9.04897
98.0,-0.133122,8.82528
99.0,0.325921,8.75872
100.0,0.0850802,8.92168
1.0,-0.138005,-65.9907
2.0,0.113337,-66.0597
3.0,0.523766,-66.003
4.0,0.872346,-65.7411
5.0,1.12036,-65.3049
6.0,1.09831,-64.7448
7.0,1.18424,-64.1956
8.0,0.955681,-63.6035
9.0,1.21647,-63.1256
10.0,1.03107,-62.5174
11.0,0.957765,-62.0019
12.0,0.896028,-61.523
13.0,0.757642,-61.075
14.0,0.790542,-60.6962
15.0,0.957249,-60.3009
16.0,0.948769,-59.8223
17.0,1.34409,-59.3479
18.0,1.5843,-58.6758
19.0,1.66388,-57.8837
20.0,1.42044,-57.0517
21.0,2.29325,-56.3415
22.0,2.41363,-55.1949
23.0,2.46339,-53.9881
24.0,2.33727,-52.7564
25.0,2.31358,-51.5878
26.0,2.38279,-50.431
27.0,2.15153,-49.2396
28.0,1.79853,-48.1638
29.0,1.92394,-47.2645
30.0,2.37011,-46.3026
31.0,2.54042,-45.1175
32.0,2.71776,-43.8473
33.0,2.81061,-42.4884
34.0,2.81869,-41.0831
35.0,3.00016,-39.6738
36.0,2.89085,-38.1737
37.0,2.95916,-36.7283
38.0,3.23436,-35.2487
39.0,3.25923,-33.6315
40.0,2.84301,-32.0019
41.0,2.60866,-30.5804
42.0,2.66032,-29.2761
43.0,2.45579,-27.9459
44.0,2.22073,-26.718
45.0,1.96217,-25.6077
46.0,1.87885,-24.6266
47.0,2.09139,-23.6872
48.0,2.27882,-22.6415
49.0,2.42509,-21.502
50.0,2.57887,-20.2895
51.0,2.2532,-19.0001
52.0,2.26106,-17.8735
53.0,1.72486,-16.7429
54.0,2.05626,-15.8805
55.0,2.1406,-14.8524
56.0,2.44015,-13.7821
57.0,1.96987,-12.562
58.0,2.06912,-11.5771
59.0,1.97092,-10.5425
60.0,2.16372,-9.55704
61.0,2.3603,-8.47518
62.0,2.04976,-7.29503
63.0,2.09514,-6.27015
64.0,2.11774,-5.22258
65.0,2.18317,-4.16371
66.0,2.11437,-3.07212
67.0,2.38028,-2.01494
68.0,2.45228,-0.824801
69.0,2.22401,0.401339
70.0,1.96247,1.51334
71.0,2.40019,2.49457
72.0,2.55877,3.69467
73.0,2.2276,4.97406
74.0,2.08161,6.08786
75.0,1.85021,7.12866
76.0,1.61227,8.05377
77.0,1.76974,8.8599
78.0,2.14212,9.74477
79.0,1.95672,10.8158
80.0,1.72251,11.7942
81.0,2.10416,12.6554
82.0,2.54038,13.7075
83.0,2.44641,14.9777
84.0,2.505,16.2009
85.0,2.54582,17.4534
86.0,2.63559,18.7263
87.0,2.94244,20.0441
88.0,2.61589,21.5154
89.0,2.50801,22.8233
90.0,2.12541,24.0773
91.0,1.72551,25.14
92.0,1.97521,26.0028
93.0,1.70622,26.9904
94.0,1.26192,27.8435
95.0,0.998987,28.4744
96.0,1.47713,28.9739
97.0,1.39977,29.7125
98.0,1.25054,30.4124
99.0,1.32294,31.0377
100.0,1.82934,31.6991
1.0,2.19977,-121.241
2.0,2.50278,-120.141
3.0,2.49889,-118.889
4.0,2.42538,-117.64
5.0,2.26946,-116.427
6.0,2.40036,-115.293
7.0,2.19443,-114.092
8.0,2.58051,-112.995
9.0,2.7754,-111.705
10.0,2.8196,-110.317
11.0,3.29949,-108.907
12.0,3.40431,-107.258
13.0,3.57477,-105.555
14.0,4.033,-103.768
15.0,4.04677,-101.752
16.0,4.14311,-99.7282
17.0,4.26343,-97.6567
18.0,4.54038,-95.525
19.0,4.58907,-93.2548
20.0,4.50974,-90.9602
21.0,4.36575,-88.7054
22.0,4.18869,-86.5225
23.0,4.28425,-84.4281
24.0,3.96996,-82.286
25.0,4.45752,-80.301
26.0,4.06917,-78.0723
27.0,4.2252,-76.0377
28.0,4.3449,-73.9251
29.0,4.77507,-71.7526
30.0,5.19612,-69.3651
31.0,5.48429,-66.767
32.0,5.44903,-64.0249
33.0,5.58952,-61.3004
34.0,5.3237,-58.5056
35.0,4.82376,-55.8438
36.0,5.01532,-53.4319
37.0,5.00436,-50.9242
38.0,5.09258,-48.4221
39.0,4.9967,-45.8758
40.0,5.33498,-43.3774
41.0,4.93448,-40.7099
42.0,4.80212,-38.2427
43.0,4.59106,-35.8416
44.0,4.56178,-33.5461
45.0,4.53982,-31.2652
46.0,4.5728,-28.9953
47.0,4.47855,-26.7089
48.0,4.60269,-24.4696
49.0,4.64009,-22.1683
50.0,4.92793,-19.8482
51.0,4.86737,-17.3843
52.0,4.6824,-14.9506
53.0,4.35533,-12.6094
54.0,4.20791,-10.4317
55.0,4.1942,-8.32775
56.0,3.88493,-6.23065
57.0,3.68018,-4.28818
58.0,3.63469,-2.44809
59.0,3.90165,-0.630749
60.0,3.18762,1.32008
61.0,2.73909,2.91389
62.0,2.35206,4.28343
63.0,2.1799,5.45946
64.0,2.29152,6.54942
65.0,2.67482,7.69517
66.0,2.53717,9.03258
67.0,2.60582,10.3012
68.0,2.72321,11.6041
69.0,2.80448,12.9657
70.0,2.40349,14.3679
71.0,2.14891,15.5697
72.0,2.24391,16.6441
73.0,2.27566,17.7661
74.0,2.09664,18.9039
75.0,1.96115,19.9522
76.0,1.46877,20.9328
77.0,1.04518,21.6672
78.0,1.15816,22.1898
79.0,1.14706,22.7689
80.0,0.661449,23.3424
81.0,0.391926,23.6731
82.0,0.311657,23.8691
83.0,0.615996,24.0249
84.0,0.461442,24.3329
85.0,0.550477,24.5636
86.0,0.365973,24.8389
87.0,0.279875,25.0218
88.0,-0.0639561,25.1618
89.0,-0.172103,25.1298
90.0,-0.385494,25.0438
91.0,-0.580774,24.851
92.0,-0.536956,24.5606
93.0,-0.941307,24.2921
94.0,-1.1942,23.8215
95.0,-1.3589,23.2244
96.0,-2.02797,22.5449
97.0,-1.996,21.531
98.0,-1.25779,20.533
99.0,-1.48001,19.9041
100.0,-1.37472,19.1641
1.0,-2.64886,68.4952
2.0,-2.59285,67.1708
3.0,-2.75569,65.8744
4.0,-2.60637,64.4965
5.0,-2.69839,63.1933
6.0,-2.63283,61.8441
7.0,-2.4435,60.5277
8.0,-2.02363,59.306
9.0,-2.0094,58.2942
10.0,-1.92288,57.2895
11.0,-1.76872,56.328
12.0,-2.05917,55.4437
13.0,-2.01131,54.4141
14.0,-2.06461,53.4084
15.0,-2.3963,52.3761
16.0,-1.47442,51.178
17.0,-1.17729,50.4408
18.0,-1.43512,49.8521
19.0,-1.59215,49.1346
20.0,-1.2504,48.3385
21.0,-1.06334,47.7133
22.0,-0.806929,47.1816
23.0,-1.048,46.7781
24.0,-1.19138,46.2541
25.0,-1.1075,45.6585
26.0,-1.09519,45.1047
27.0,-1.2071,44.5571
28.0,-1.41095,43.9536
29.0,-1.45582,43.2481
30.0,-1.27014,42.5202
31.0,-1.30307,41.8851
32.0,-1.17623,41.2336
33.0,-1.09055,40.6455
34.0,-1.37189,40.1002
35.0,-1.70829,39.4142
36.0,-1.46722,38.5601
37.0,-1.91934,37.8265
38.0,-1.67983,36.8668
39.0,-1.50982,36.0269
40.0,-1.43374,35.272
41.0,-1.44659,34.5551
42.0,-1.67011,33.8318
43.0,-2.02081,32.9968
44.0,-1.71994,31.9864
45.0,-2.32599,31.1264
46.0,-2.22528,29.9634
47.0,-2.25149,28.8508
48.0,-2.25777,27.725
49.0,-2.04986,26.5961
50.0,-2.25139,25.5712
51.0,-2.15064,24.4455
52.0,-2.37348,23.3702
53.0,-2.60068,22.1834
54.0,-2.68691,20.8831
55.0,-2.92571,19.5396
56.0,-2.6269,18.0768
57.0,-2.41174,16.7633
58.0,-2.34012,15.5575
59.0,-2.14168,14.3874
60.0,-2.38809,13.3166
61.0,-2.14442,12.1225
62.0,-1.92757,11.0503
63.0,-1.34191,10.0865
64.0,-1.00022,9.41558
65.0,-0.574039,8.91547
66.0,-0.350643,8.62845
67.0,0.0448067,8.45312
68.0,0.52031,8.47553
69.0,0.875864,8.73568
70.0,0.498766,9.17362
71.0,0.383109,9.423
72.0,0.456843,9.61455
73.0,0.251633,9.84297
74.0,0.725957,9.96879
75.0,0.533494,10.3318
76.0,0.959764,10.5985
77.0,0.983212,11.0784
78.0,0.852719,11.57
79.0,1.00429,11.9964
80.0,1.33567,12.4985
81.0,1.36134,13.1663
82.0,1.49632,13.847
83.0,1.35101,14.5952
84.0,0.810352,15.2707
85.0,0.938177,15.6758
86.0,0.718182,16.1449
87.0,0.716837,16.504
88.0,0.335776,16.8624
89.0,0.0387276,17.0303
90.0,0.0719222,17.0497
91.0,0.368144,17.0857
92.0,0.441881,17.2697
93.0,0.244822,17.4907
94.0,0.462861,17.6131
95.0,0.55311,17.8445
96.0,0.646074,18.1211
97.0,0.842266,18.4441
98.0,1.45623,18.8652
99.0,1.25966,19.5934
100.0,1.32062,20.2232
1.0,-0.307128,111.652
2.0,-0.295085,111.498
3.0,-0.366139,111.35
4.0,-0.857308,111.167
5.0,-0.575302,110.739
6.0,-0.845223,110.451
7.0,-0.990625,110.028
8.0,-1.14149,109.533
9.0,-1.03106,108.962
10.0,-0.794309,108.447
11.0,-0.837138,108.05
12.0,-0.734353,107.631
13.0,-1.12444,107.264
14.0,-1.44746,106.702
15.0,-1.32427,105.978
16.0,-1.50513,105.316
17.0,-1.32431,104.563
18.0,-1.44873,103.901
19.0,-1.93058,103.177
20.0,-1.89664,102.211
21.0,-1.81486,101.263
22.0,-2.37382,100.356
23.0,-2.54872,99.1688
24.0,-2.70876,97.8945
25.0,-2.47032,96.5401
26.0,-2.33297,95.3049
27.0,-2.26726,94.1384
28.0,-2.31451,93.0048
29.0,-2.52058,91.8476
30.0,-2.50446,90.5873
31.0,-3.02923,89.335
32.0,-2.9983,87.8204
33.0,-2.85037,86.3213
34.0,-2.98229,84.8961
35.0,-3.28188,83.4049
36.0,-3.47914,81.764
37.0,-3.45208,80.0244
38.0,-3.48292,78.2984
39.0,-3.76308,76.5569
40.0,-3.68922,74.6754
41.0,-3.29816,72.8308
42.0,-3.17128,71.1817
43.0,-3.5832,69.5961
44.0,-3.80592,67.8045
45.0,-3.43437,65.9015
46.0,-3.75794,64.1843
47.0,-3.90913,62.3054
48.0,-3.93241,60.3508
49.0,-3.78397,58.3846
50.0,-3.78976,56.4926
51.0,-2.92741,54.5977
52.0,-2.82569,53.134
53.0,-2.8563,51.7212
54.0,-2.76501,50.293
55.0,-3.02909,48.9105
56.0,-2.89308,47.396
57.0,-2.60909,45.9494
58.0,-1.94765,44.6449
59.0,-2.05062,43.6711
60.0,-2.09494,42.6458
61.0,-2.31844,41.5983
62.0,-1.98455,40.4391
63.0,-2.21468,39.4468
64.0,-1.80459,38.3394
65.0,-1.76294,37.4372
66.0,-2.0071,36.5557
67.0,-1.66686,35.5521
68.0,-1.88235,34.7187
69.0,-2.17937,33.7775
70.0,-2.09864,32.6878
71.0,-1.46327,31.6385
72.0,-1.52898,30.9069
73.0,-1.40638,30.1424
74.0,-1.44013,29.4392
75.0,-1.16223,28.7192
76.0,-1.06138,28.138
77.0,-0.743595,27.6073
78.0,-1.39996,27.2355
79.0,-1.24633,26.5356
80.0,-1.02985,25.9124
81.0,-0.93339,25.3975
82.0,-0.563432,24.9308
83.0,-0.455351,24.6491
84.0,-0.827616,24.4214
85.0,-1.1678,24.0076
86.0,-1.45099,23.4237
87.0,-1.68256,22.6982
88.0,-1.9791,21.8569
89.0,-2.09853,20.8674
90.0,-1.73311,19.8181
91.0,-1.39899,18.9515
92.0,-1.28757,18.252
93.0,-1.29925,17.6083
94.0,-1.06272,16.9586
95.0,-0.67694,16.4273
96.0,-0.160166,16.0888
97.0,-0.4149,16.0087
98.0,-0.0226958,15.8013
99.0,-0.189063,15.7899
100.0,-0.304929,15.6954
1.0,1.30205,-109.082
2.0,1.51466,-108.431
3.0,1.99336,-107.673
4.0,2.30297,-106.677
5.0,2.61151,-105.525
6.0,2.77464,-104.219
7.0,3.03192,-102.832
8.0,3.48819,-101.316
9.0,3.29077,-99.572
10.0,3.54777,-97.9266
11.0,3.80584,-96.1527
12.0,3.6106,-94.2498
13.0,3.62338,-92.4445
14.0,3.72931,-90.6328
15.0,3.49367,-88.7682
16.0,3.77675,-87.0213
17.0,3.66564,-85.133
18.0,4.1096,-83.3001
19.0,4.15972,-81.2453
20.0,3.84326,-79.1655
21.0,3.75367,-77.2439
22.0,3.84139,-75.367
23.0,3.45505,-73.4463
24.0,3.47176,-71.7188
25.0,3.39142,-69.9829
26.0,3.9255,-68.2872
27.0,4.06756,-66.3245
28.0,3.92306,-64.2907
29.0,3.62635,-62.3291
30.0,3.67544,-60.516
31.0,4.03872,-58.6782
32.0,3.8953,-56.6589
33.0,3.69156,-54.7112
34.0,3.68322,-52.8655
35.0,3.88535,-51.0239
36.0,3.84314,-49.0812
37.0,3.34076,-47.1596
38.0,2.91328,-45.4892
39.0,2.89351,-44.0326
40.0,2.80407,-42.5858
41.0,2.75447,-41.1838
42.0,2.38583,-39.8066
43.0,2.07829,-38.6137
44.0,2.20795,-37.5745
45.0,2.34871,-36.4705
46.0,2.58955,-35.2962
47.0,2.90063,-34.0014
48.0,3.0783,-32.5511
49.0,2.58284,-31.0119
50.0,2.71612,-29.7205
51.0,2.77461,-28.3625
52.0,2.98636,-26.9751
53.0,3.12817,-25.482
54.0,3.22176,-23.9179
55.0,2.94283,-22.307
56.0,3.14785,-20.8356
57.0,3.29595,-19.2617
58.0,3.53009,-17.6137
59.0,3.83728,-15.8486
60.0,3.51776,-13.93
61.0,3.327,-12.1711
62.0,3.74942,-10.5076
63.0,3.909,-8.63291
64.0,4.03823,-6.67841
65.0,4.37906,-4.6593
66.0,3.91087,-2.46977
67.0,3.71134,-0.514333
68.0,3.60421,1.34134
69.0,3.48858,3.14344
70.0,3.22585,4.88773
71.0,3.31918,6.50065
72.0,2.97252,8.16024
73.0,2.87286,9.64651
74.0,2.29722,11.0829
75.0,2.19554,12.2315
76.0,2.18828,13.3293
77.0,2.13961,14.4235
78.0,2.14425,15.4933
79.0,2.57862,16.5654
80.0,2.37718,17.8547
81.0,2.0813,19.0433
82.0,1.51228,20.0839
83.0,1.34659,20.8401
84.0,1.18553,21.5134
85.0,0.995163,22.1061
86.0,0.987251,22.6037
87.0,0.936184,23.0973
88.0,0.474141,23.5654
89.0,-0.0926411,23.8025
90.0,-0.101462,23.7562
91.0,-0.677796,23.7055
92.0,-0.642755,23.3666
93.0,-0.754273,23.0452
94.0,-0.96812,22.668
95.0,-0.917164,22.184
96.0,-1.44957,21.7254
97.0,-0.907583,21.0006
98.0,-1.08168,20.5468
99.0,-1.68598,20.006
100.0,-1.70122,19.163
1.0,0.564746,18.3176
2.0,0.213885,18.5999
3.0,0.12976,18.7069
4.0,0.195422,18.7718
5.0,0.471181,18.8695
6.0,0.341297,19.1051
7.0,0.246157,19.2757
8.0,0.108925,19.3988
9.0,-0.0889532,19.4533
10.0,-0.664209,19.4088
11.0,-1.12373,19.0767
12.0,-1.27167,18.5148
13.0,-1.47617,17.879
14.0,-1.85096,17.1409
15.0,-1.7529,16.2154
16.0,-1.86776,15.339
17.0,-2.13897,14.4051
18.0,-2.21008,13.3356
19.0,-2.20815,12.2306
20.0,-2.0997,11.1265
21.0,-2.05222,10.0766
22.0,-2.39351,9.05052
23.0,-2.3258,7.85377
24.0,-2.41586,6.69087
25.0,-2.07397,5.48294
26.0,-2.15761,4.44596
27.0,-2.0164,3.36715
28.0,-1.74135,2.35895
29.0,-1.55087,1.48828
30.0,-1.24565,0.71284
31.0,-1.24038,0.0900133
32.0,-1.35952,-0.530177
33.0,-1.40011,-1.20994
34.0,-1.53837,-1.90999
35.0,-1.65717,-2.67917
36.0,-1.63191,-3.50776
37.0,-0.998431,-4.32371
38.0,-1.343,-4.82293
39.0,-1.18453,-5.49443
40.0,-0.972917,-6.08669
41.0,-1.04189,-6.57315
42.0,-0.914236,-7.0941
43.0,-0.880245,-7.55121
44.0,-0.598612,-7.99134
45.0,-0.687937,-8.29064
46.0,-0.293753,-8.63461
47.0,-0.545146,-8.78149
48.0,-0.327709,-9.05406
49.0,-0.363851,-9.21791
50.0,-0.402148,-9.39984
51.0,-0.167001,-9.60091
52.0,-0.134534,-9.68441
53.0,-0.126341,-9.75168
54.0,0.370675,-9.81485
55.0,0.328511,-9.62951
56.0,0.854241,-9.46526
57.0,0.810415,-9.03814
58.0,1.04427,-8.63293
59.0,0.84994,-8.1108
60.0,0.998953,-7.68582
61.0,1.18004,-7.18635
62.0,1.22092,-6.59633
63.0,1.04232,-5.98587
64.0,1.44692,-5.46471
65.0,1.37682,-4.74125
66.0,1.46037,-4.05284
67.0,1.96083,-3.32265
68.0,1.46678,-2.34224
69.0,1.85231,-1.60885
70.0,1.80346,-0.682689
71.0,1.85943,0.219042
72.0,1.99402,1.14876
73.0,2.10742,2.14576
74.0,2.38559,3.19948
75.0,2.10253,4.39227
76.0,1.60236,5.44353
77.0,1.96626,6.24472
78.0,2.07298,7.22785
79.0,1.97732,8.26434
80.0,1.76566,9.25299
81.0,1.64578,10.1358
82.0,0.979628,10.9587
83.0,0.729939,11.4485
84.0,0.758525,11.8135
85.0,0.841665,12.1928
86.0,1.06953,12.6136
87.0,0.728405,13.1484
88.0,1.0683,13.5126
89.0,1.00678,14.0467
90.0,0.449728,14.5501
91.0,0.513926,14.775
92.0,0.384103,15.0319
93.0,0.168691,15.224
94.0,-0.495098,15.3083
95.0,-0.367414,15.0608
96.0,-0.62823,14.8771
97.0,-0.447391,14.563
98.0,-0.103553,14.3393
99.0,-0.215975,14.2875
100.0,-0.128961,14.1795
1.0,0.637586,0.272152
2.0,0.729999,0.590945
3.0,0.515189,0.955945
4.0,0.398911,1.21354
5.0,0.481633,1.41299
6.0,0.350342,1.65381
7.0,0.540098,1.82898
8.0,1.02183,2.09903
9.0,0.886215,2.60995
10.0,0.715051,3.05306
11.0,0.939245,3.41058
12.0,0.882184,3.8802
13.0,0.519875,4.3213
14.0,0.0797217,4.58123
15.0,-0.0790825,4.62109
16.0,0.149878,4.58155
17.0,-0.141877,4.65649
18.0,-0.0894157,4.58555
19.0,-0.134729,4.54084
20.0,-0.143962,4.47348
21.0,-0.061003,4.4015
22.0,-0.0671681,4.371
23.0,-0.0535256,4.33741
24.0,0.241608,4.31065
25.0,0.0735324,4.43145
26.0,-0.00609621,4.46822
27.0,-0.115207,4.46517
28.0,-0.0712811,4.40757
29.0,-0.0552544,4.37193
30.0,0.0306766,4.3443
31.0,-0.350071,4.35964
32.0,-0.543781,4.1846
33.0,-0.287639,3.91271
34.0,-0.270847,3.76889
35.0,-0.338988,3.63347
36.0,-0.509189,3.46398
37.0,-0.540513,3.20938
38.0,-0.699768,2.93913
39.0,-0.396224,2.58924
40.0,0.113036,2.39113
41.0,-0.121734,2.44765
42.0,0.223603,2.38678
43.0,0.642411,2.49858
44.0,0.499428,2.81979
45.0,0.563546,3.0695
46.0,0.467429,3.35128
47.0,0.494974,3.58499
48.0,0.344407,3.83248
49.0,0.0689656,4.00468
50.0,0.0580314,4.03916
51.0,0.21782,4.06818
52.0,0.531002,4.17709
53.0,0.312572,4.44259
54.0,0.0566912,4.59888
55.0,0.389749,4.62722
56.0,0.602002,4.8221
57.0,0.240952,5.1231
58.0,0.231229,5.24357
59.0,0.432109,5.35919
60.0,0.531056,5.57524
61.0,0.26871,5.84077
62.0,0.252789,5.97512
63.0,0.480015,6.10152
64.0,0.670203,6.34153
65.0,0.703722,6.67663
66.0,0.533245,7.02849
67.0,0.546018,7.29511
68.0,0.320714,7.56812
69.0,0.375684,7.72848
70.0,0.368536,7.91632
71.0,0.345123,8.10059
72.0,0.185531,8.27315
73.0,0.138779,8.36592
74.0,0.0083918,8.43531
75.0,-0.0293922,8.4395
76.0,0.366155,8.42481
77.0,0.36699,8.60788
78.0,0.174543,8.79138
79.0,-0.318932,8.87865
80.0,-0.312254,8.71918
81.0,-0.178392,8.56306
82.0,-0.155634,8.47386
83.0,0.0331239,8.39604
84.0,0.349898,8.41261
85.0,0.855901,8.58755
86.0,1.72235,9.0155
87.0,1.85994,9.87668
88.0,2.1037,10.8067
89.0,2.23469,11.8585
90.0,2.35086,12.9758
91.0,2.26935,14.1513
92.0,2.02828,15.286
93.0,2.07264,16.3001
94.0,2.18589,17.3364
95.0,2.20731,18.4294
96.0,1.82241,19.533
97.0,1.81259,20.4442
98.0,1.78716,21.3505
99.0,1.93107,22.2441
100.0,1.98684,23.2096
1.0,-0.473452,-27.8764
2.0,-0.323007,-28.1131
3.0,-0.447855,-28.2746
4.0,-0.263419,-28.4985
5.0,-0.418479,-28.6303
6.0,-0.468919,-28.8395
7.0,-0.2941,-29.074
8.0,-0.375868,-29.221
9.0,-0.0920162,-29.4089
10.0,-0.153378,-29.4549
11.0,-0.129338,-29.5316
12.0,0.135356,-29.5963
13.0,0.16018,-29.5286
14.0,0.424383,-29.4485
15.0,0.560855,-29.2363
16.0,0.768874,-28.9559
17.0,0.993371,-28.5715
18.0,1.22469,-28.0748
19.0,1.23032,-27.4624
20.0,1.40113,-26.8473
21.0,1.49967,-26.1467
22.0,1.64921,-25.3969
23.0,1.69881,-24.5723
24.0,1.49438,-23.7229
25.0,1.84344,-22.9757
26.0,2.1102,-22.054
27.0,2.43818,-20.9989
28.0,2.9055,-19.7798
29.0,3.06257,-18.327
30.0,3.4862,-16.7957
31.0,3.57456,-15.0526
32.0,3.43803,-13.2654
33.0,3.236,-11.5463
34.0,3.25229,-9.92835
35.0,2.86459,-8.3022
36.0,3.26365,-6.86991
37.0,3.14577,-5.23808
38.0,3.16799,-3.66519
39.0,3.25726,-2.0812
40.0,3.31016,-0.452568
41.0,3.60727,1.20251
42.0,3.05705,3.00615
43.0,2.96539,4.53467
44.0,2.84972,6.01736
45.0,3.13642,7.44222
46.0,3.24342,9.01043
47.0,2.91261,10.6321
48.0,3.26662,12.0884
49.0,3.18995,13.7218
50.0,3.03474,15.3167
51.0,3.08394,16.8341
52.0,2.97315,18.3761
53.0,2.81463,19.8626
54.0,2.51958,21.27
55.0,2.78186,22.5298
56.0,2.81906,23.9207
57.0,2.84825,25.3302
58.0,2.75236,26.7543
59.0,2.81248,28.1305
60.0,2.70296,29.5368
61.0,2.49724,30.8882
62.0,2.57956,32.1369
63.0,2.4833,33.4266
64.0,2.88144,34.6683
65.0,2.51245,36.109
66.0,2.58999,37.3652
67.0,2.64244,38.6602
68.0,2.41775,39.9815
69.0,2.57347,41.1903
70.0,2.24499,42.4771
71.0,2.09697,43.5996
72.0,1.84589,44.648
73.0,1.72496,45.571
74.0,1.74211,46.4335
75.0,1.55803,47.3045
76.0,1.90378,48.0835
77.0,2.05808,49.0354
78.0,2.213,50.0645
79.0,1.98015,51.171
80.0,2.10851,52.161
81.0,1.76447,53.2153
82.0,1.36723,54.0975
83.0,1.29468,54.7811
84.0,1.0233,55.4285
85.0,0.772996,55.9401
86.0,0.548673,56.3266
87.0,0.61683,56.601
88.0,0.773863,56.9094
89.0,0.530941,57.2963
90.0,-0.0309269,57.5618
91.0,-0.0869523,57.5463
92.0,-0.612211,57.5028
93.0,-0.983232,57.1967
94.0,-0.757299,56.7051
95.0,-0.943564,56.3265
96.0,-1.40785,55.8547
97.0,-1.47399,55.1508
98.0,-1.27769,54.4138
99.0,-1.39526,53.7749
100.0,-1.32274,53.0773
1.0,-1.88249,54.3072
2.0,-1.39707,53.366
3.0,-0.956257,52.6675
4.0,-1.34782,52.1893
5.0,-1.91725,51.5154
6.0,-2.03189,50.5568
7.0,-1.79629,49.5408
8.0,-1.92143,48.6427
9.0,-1.71364,47.682
10.0,-1.59822,46.8252
11.0,-1.47195,46.0261
12.0,-1.72303,45.2901
13.0,-1.76943,44.4286
14.0,-1.84944,43.5438
15.0,-1.95399,42.6191
16.0,-2.30714,41.6421
17.0,-2.67162,40.4886
18.0,-2.65167,39.1528
19.0,-2.89618,37.8269
20.0,-2.70518,36.3788
21.0,-2.42855,35.0262
22.0,-2.22634,33.812
23.0,-2.34382,32.6988
24.0,-2.50264,31.5269
25.0,-2.31566,30.2756
26.0,-2.08285,29.1177
27.0,-1.92204,28.0763
28.0,-1.87518,27.1153
29.0,-1.9569,26.1777
30.0,-2.09789,25.1993
31.0,-2.3904,24.1503
32.0,-2.38768,22.9551
33.0,-2.47621,21.7613
34.0,-2.19624,20.5232
35.0,-1.99606,19.425
36.0,-2.3757,18.427
37.0,-2.17298,17.2392
38.0,-2.22981,16.1527
39.0,-2.25244,15.0378
40.0,-2.48156,13.9115
41.0,-2.67873,12.6708
42.0,-2.54345,11.3314
43.0,-2.47124,10.0597
44.0,-2.36762,8.82406
45.0,-2.44719,7.64025
46.0,-2.3828,6.41666
47.0,-2.60515,5.22526
48.0,-2.51905,3.92268
49.0,-2.49629,2.66315
50.0,-2.35714,1.41501
51.0,-2.43633,0.236439
52.0,-2.48576,-0.981727
53.0,-2.42467,-2.22461
54.0,-2.20506,-3.43695
55.0,-2.37079,-4.53948
56.0,-2.10201,-5.72487
57.0,-2.10577,-6.77588
58.0,-2.08533,-7.82876
59.0,-2.02399,-8.87143
60.0,-2.04263,-9.88342
61.0,-1.95497,-10.9047
62.0,-1.93957,-11.8822
63.0,-1.9393,-12.852
64.0,-1.53858,-13.8217
65.0,-1.79384,-14.5909
66.0,-1.96773,-15.4879
67.0,-2.09285,-16.4717
68.0,-1.98949,-17.5182
69.0,-1.62081,-18.5129
70.0,-1.47412,-19.3233
71.0,-1.29496,-20.0604
72.0,-1.08589,-20.7078
73.0,-0.958014,-21.2508
74.0,-0.801045,-21.7298
75.0,-0.763966,-22.1303
76.0,-1.04697,-22.5123
77.0,-0.984099,-23.0358
78.0,-0.299988,-23.5278
79.0,-0.317456,-23.6778
80.0,-0.355086,-23.8366
81.0,-0.266359,-24.0141
82.0,-0.377616,-24.1473
83.0,-0.199613,-24.3361
84.0,-0.0541619,-24.4359
85.0,-0.148392,-24.463
86.0,-0.0793702,-24.5372
87.0,0.230334,-24.5769
88.0,0.570373,-24.4617
89.0,0.561264,-24.1765
90.0,0.775982,-23.8959
91.0,0.487953,-23.5079
92.0,0.429952,-23.2639
93.0,0.389561,-23.0489
94.0,0.649724,-22.8541
95.0,1.25946,-22.5293
96.0,0.775248,-21.8995
97.0,0.415271,-21.5119
98.0,0.185149,-21.3043
99.0,0.330508,-21.2117
100.0,0.287872,-21.0465
1.0,-0.13349,103.138
2.0,-0.0318688,103.072
3.0,0.00137304,103.056
4.0,-0.158582,103.056
5.0,-0.170738,102.977
6.0,0.101602,102.892
7.0,-0.54456,102.943
8.0,-1.02576,102.67
9.0,-1.07308,102.157
10.0,-0.823896,101.621
11.0,-0.607282,101.209
12.0,-0.857963,100.905
13.0,-0.624782,100.476
14.0,-0.791442,100.164
15.0,-0.230755,99.7682
16.0,-0.373988,99.6528
17.0,-0.42021,99.4658
18.0,-0.505207,99.2557
19.0,-0.394194,99.0031
20.0,-0.263666,98.806
21.0,-0.380238,98.6742
22.0,-0.357618,98.484
23.0,-0.331837,98.3052
24.0,-0.0471236,98.1393
25.0,-0.232264,98.1158
26.0,-0.551614,97.9996
27.0,-0.593582,97.7238
28.0,-1.04739,97.427
29.0,-1.10205,96.9033
30.0,-1.35413,96.3523
31.0,-0.924974,95.6752
32.0,-0.965942,95.2127
33.0,-0.840927,94.7298
34.0,-0.885682,94.3093
35.0,-0.892091,93.8665
36.0,-0.990536,93.4204
37.0,-1.05011,92.9252
38.0,-0.795013,92.4001
39.0,-1.28235,92.0026
40.0,-1.64496,91.3614
41.0,-1.45205,90.5389
42.0,-1.66378,89.8129
43.0,-1.95313,88.981
44.0,-2.04086,88.0045
45.0,-2.08762,86.984
46.0,-1.90762,85.9402
47.0,-1.77705,84.9864
48.0,-1.78142,84.0979
49.0,-1.60006,83.2072
50.0,-1.29873,82.4072
51.0,-1.39282,81.7578
52.0,-1.30538,81.0614
53.0,-1.30701,80.4087
54.0,-1.21942,79.7552
55.0,-1.06224,79.1455
56.0,-1.29033,78.6144
57.0,-1.35909,77.9692
58.0,-0.718419,77.2896
59.0,-0.963278,76.9304
60.0,-0.811228,76.4488
61.0,-0.968806,76.0432
62.0,-0.961076,75.5588
63.0,-1.28613,75.0782
64.0,-1.2635,74.4352
65.0,-1.20928,73.8034
66.0,-1.12482,73.1988
67.0,-0.978793,72.6364
68.0,-0.847911,72.147
69.0,-1.26311,71.723
70.0,-1.29274,71.0915
71.0,-1.53714,70.4451
72.0,-1.91434,69.6765
73.0,-1.92654,68.7194
74.0,-2.29325,67.7561
75.0,-2.13019,66.6095
76.0,-2.59641,65.5444
77.0,-2.62441,64.2462
78.0,-2.59627,62.934
79.0,-2.75906,61.6358
80.0,-2.89414,60.2563
81.0,-3.10347,58.8092
82.0,-2.82554,57.2575
83.0,-2.52112,55.8447
84.0,-2.48897,54.5842
85.0,-2.28819,53.3397
86.0,-1.74388,52.1956
87.0,-1.52806,51.3237
88.0,-1.56827,50.5596
89.0,-1.99132,49.7755
90.0,-2.07694,48.7798
91.0,-1.99029,47.7414
92.0,-2.29941,46.7462
93.0,-1.81252,45.5965
94.0,-1.65913,44.6902
95.0,-1.42648,43.8607
96.0,-1.34675,43.1474
97.0,-0.917111,42.4741
98.0,-0.826544,42.0155
99.0,-0.569246,41.6022
100.0,-0.652384,41.3176
1.0,-0.372184,-70.3234
2.0,-0.0729646,-70.5095
3.0,-0.048493,-70.546
4.0,0.31513,-70.5703
5.0,0.226288,-70.4127
6.0,0.564467,-70.2996
7.0,0.348147,-70.0173
8.0,0.551771,-69.8432
9.0,0.792699,-69.5674
10.0,0.818879,-69.171
11.0,1.03377,-68.7616
12.0,0.606967,-68.2447
13.0,1.12868,-67.9412
14.0,1.19173,-67.3769
15.0,1.13281,-66.781
16.0,1.17783,-66.2146
17.0,1.00721,-65.6257
18.0,1.34836,-65.1221
19.0,1.48423,-64.4479
20.0,1.57476,-63.7058
21.0,1.37916,-62.9184
22.0,1.59891,-62.2288
23.0,1.4675,-61.4294
24.0,1.96952,-60.6956
25.0,1.7243,-59.7109
26.0,1.65303,-58.8487
27.0,2.09655,-58.0222
28.0,2.21033,-56.9739
29.0,2.34538,-55.8688
30.0,2.53401,-54.6961
31.0,2.97193,-53.4291
32.0,2.99584,-51.9431
33.0,3.18551,-50.4452
34.0,3.50405,-48.8524
35.0,3.51586,-47.1004
36.0,3.54533,-45.3425
37.0,3.54331,-43.5698
38.0,3.5355,-41.7981
39.0,3.31054,-40.0304
40.0,3.14569,-38.3751
41.0,3.12638,-36.8023
42.0,3.48404,-35.2391
43.0,3.27375,-33.4971
44.0,3.1251,-31.8602
45.0,3.13154,-30.2976
46.0,3.22573,-28.7319
47.0,3.31571,-27.119
48.0,3.43586,-25.4612
49.0,2.94081,-23.7432
50.0,3.03996,-22.2728
51.0,2.79185,-20.7528
52.0,2.60167,-19.3569
53.0,2.52917,-18.0561
54.0,2.72698,-16.7915
55.0,2.93144,-15.428
56.0,2.77752,-13.9623
57.0,2.43952,-12.5735
58.0,2.44914,-11.3538
59.0,2.25104,-10.1292
60.0,1.75999,-9.00368
61.0,2.00828,-8.12368
62.0,1.67577,-7.11954
63.0,1.26057,-6.28166
64.0,1.91378,-5.65137
65.0,1.77259,-4.69448
66.0,1.79928,-3.80819
67.0,1.83556,-2.90855
68.0,1.7932,-1.99077
69.0,2.1036,-1.09417
70.0,2.11271,-0.0423694
71.0,2.39678,1.01399
72.0,1.7969,2.21237
73.0,1.94752,3.11083
74.0,1.92633,4.08458
75.0,2.20813,5.04775
76.0,2.46315,6.15181
77.0,2.13169,7.38339
78.0,1.81176,8.44923
79.0,2.01558,9.35511
80.0,1.78058,10.3629
81.0,1.67569,11.2532
82.0,1.73059,12.091
83.0,1.44648,12.9563
84.0,1.46106,13.6796
85.0,1.39735,14.4101
86.0,1.28019,15.1088
87.0,0.880436,15.7489
88.0,0.9916,16.1891
89.0,1.218,16.6849
90.0,1.02718,17.2939
91.0,0.722922,17.8075
92.0,1.07645,18.1689
93.0,1.16697,18.7072
94.0,1.00873,19.2907
95.0,0.698169,19.795
96.0,0.696233,20.1441
97.0,0.131585,20.4922
98.0,0.318058,20.558
99.0,0.317618,20.717
100.0,0.471537,20.8759
