states: t,states: v,states: x
1.0,0.875187,-80.8234
2.0,1.11003,-80.3858
3.0,1.00587,-79.8308
4.0,0.752367,-79.3279
5.0,1.15185,-78.9517
6.0,1.26879,-78.3757
7.0,1.35386,-77.7413
8.0,1.5137,-77.0644
9.0,1.54217,-76.3076
10.0,1.73504,-75.5365
11.0,1.68184,-74.669
12.0,1.55064,-73.8281
13.0,1.89738,-73.0527
14.0,2.08841,-72.104
15.0,1.68147,-71.0598
16.0,1.61083,-70.2191
17.0,1.70872,-69.4137
18.0,1.60426,-68.5593
19.0,1.92368,-67.7572
20.0,2.01405,-66.7954
21.0,2.22224,-65.7883
22.0,2.41131,-64.6772
23.0,2.57756,-63.4716
24.0,2.35674,-62.1828
25.0,2.37749,-61.0044
26.0,2.49617,-59.8157
27.0,2.42864,-58.5676
28.0,2.46496,-57.3533
29.0,2.70716,-56.1208
30.0,2.63907,-54.7672
31.0,2.50052,-53.4477
32.0,2.71873,-52.1974
33.0,2.67891,-50.838
34.0,2.75416,-49.4986
35.0,2.86301,-48.1215
36.0,2.70678,-46.69
37.0,2.67462,-45.3366
38.0,3.0159,-43.9993
39.0,3.17542,-42.4914
40.0,3.45763,-40.9036
41.0,3.54818,-39.1748
42.0,3.32439,-37.4007
43.0,3.58832,-35.7385
44.0,3.92202,-33.9444
45.0,4.30427,-31.9834
46.0,4.14055,-29.8312
47.0,3.93838,-27.761
48.0,3.67696,-25.7918
49.0,3.62496,-23.9533
50.0,3.49002,-22.1408
51.0,3.57525,-20.3958
52.0,3.9164,-18.6082
53.0,3.62417,-16.65
54.0,3.21706,-14.8379
55.0,2.65779,-13.2294
56.0,2.57107,-11.9005
57.0,2.25555,-10.6149
58.0,2.39357,-9.48716
59.0,2.40648,-8.29038
60.0,2.55355,-7.08714
61.0,2.24566,-5.81036
62.0,2.38859,-4.68753
63.0,2.55254,-3.49324
64.0,2.55204,-2.21697
65.0,2.70418,-0.940951
66.0,2.60028,0.411137
67.0,2.17446,1.71128
68.0,1.71879,2.7985
69.0,1.44186,3.6579
70.0,1.47251,4.37883
71.0,1.66754,5.11508
72.0,1.69807,5.94886
73.0,1.8389,6.79789
74.0,1.9564,7.71734
75.0,1.84777,8.69554
76.0,1.71268,9.61943
77.0,1.41412,10.4758
78.0,1.75539,11.1828
79.0,1.77405,12.0605
80.0,1.57126,12.9476
81.0,1.23011,13.7332
82.0,1.56588,14.3482
83.0,1.39352,15.1312
84.0,1.56463,15.8279
85.0,1.25966,16.6102
86.0,0.820021,17.2401
87.0,1.0744,17.6501
88.0,0.560402,18.1873
89.0,0.777923,18.4675
90.0,0.817128,18.8564
91.0,0.838398,19.265
92.0,0.49645,19.6842
93.0,0.240105,19.9324
94.0,0.353034,20.0525
95.0,0.315796,20.229
96.0,0.395317,20.3869
97.0,0.076906,20.5846
98.0,-0.29166,20.623
99.0,-0.51194,20.4772
100.0,-0.432345,20.2212
1.0,0.831609,328.46
2.0,0.863275,328.876
3.0,0.35094,329.307
4.0,0.0410391,329.483
5.0,0.140729,329.503
6.0,-0.0542208,329.574
7.0,0.0162226,329.547
8.0,-0.0568744,329.555
9.0,-0.483326,329.526
10.0,-0.631371,329.285
11.0,-1.08104,328.969
12.0,-1.53184,328.428
13.0,-1.8559,327.663
14.0,-2.11941,326.735
15.0,-2.43638,325.675
16.0,-2.76108,324.457
17.0,-2.85173,323.076
18.0,-3.37932,321.65
19.0,-3.48679,319.961
20.0,-3.7835,318.217
21.0,-3.97944,316.325
22.0,-4.14624,314.336
23.0,-4.56558,312.263
24.0,-4.71655,309.98
25.0,-4.81655,307.622
26.0,-5.01199,305.213
27.0,-5.21562,302.707
28.0,-5.55573,300.1
29.0,-5.05907,297.322
30.0,-5.42328,294.792
31.0,-5.61637,292.08
32.0,-5.84183,289.272
33.0,-6.36127,286.351
34.0,-6.38763,283.171
35.0,-6.61563,279.977
36.0,-6.97386,276.669
37.0,-7.15597,273.182
38.0,-7.38676,269.604
39.0,-7.63707,265.911
40.0,-7.67599,262.092
41.0,-7.79602,258.254
42.0,-8.384,254.356
43.0,-8.25003,250.164
44.0,-8.25703,246.039
45.0,-8.46644,241.911
46.0,-9.27371,237.678
47.0,-9.7229,233.041
48.0,-9.58404,228.179
49.0,-10.0376,223.387
50.0,-10.6718,218.368
51.0,-10.6684,213.032
52.0,-11.4727,207.698
53.0,-11.7224,201.962
54.0,-11.9325,196.101
55.0,-11.9797,190.135
56.0,-12.043,184.145
57.0,-12.0285,178.123
58.0,-11.8535,172.109
59.0,-12.1343,166.182
60.0,-12.0408,160.115
61.0,-11.9856,154.095
62.0,-12.1486,148.102
63.0,-11.831,142.027
64.0,-11.87,136.112
65.0,-11.89,130.177
66.0,-11.3603,124.232
67.0,-11.1309,118.552
68.0,-10.7647,112.986
69.0,-10.7822,107.604
70.0,-10.5766,102.213
71.0,-10.5415,96.9247
72.0,-10.3492,91.654
73.0,-10.2544,86.4794
74.0,-9.87928,81.3522
75.0,-9.59842,76.4125
76.0,-9.4969,71.6133
77.0,-9.26117,66.8649
78.0,-9.10384,62.2343
79.0,-8.67392,57.6824
80.0,-8.53761,53.3454
81.0,-8.52812,49.0766
82.0,-8.38739,44.8125
83.0,-7.99042,40.6189
84.0,-7.57968,36.6236
85.0,-7.20017,32.8338
86.0,-7.03664,29.2337
87.0,-6.56818,25.7154
88.0,-6.28116,22.4313
89.0,-5.86285,19.2907
90.0,-5.66583,16.3593
91.0,-5.22405,13.5264
92.0,-5.0818,10.9144
93.0,-4.82803,8.37346
94.0,-4.44187,5.95945
95.0,-4.19136,3.73851
96.0,-3.67639,1.64284
97.0,-3.13888,-0.195358
98.0,-3.14727,-1.7648
99.0,-2.96817,-3.33843
100.0,-3.09504,-4.82252
1.0,-1.56464,-23.8596
2.0,-2.189,-24.6419
3.0,-2.07286,-25.7364
4.0,-2.04835,-26.7728
5.0,-2.11975,-27.797
6.0,-2.10496,-28.8569
7.0,-1.70339,-29.9093
8.0,-1.86564,-30.761
9.0,-1.37816,-31.6939
10.0,-1.15486,-32.3829
11.0,-1.33353,-32.9604
12.0,-1.38336,-33.6271
13.0,-1.29306,-34.3188
14.0,-1.13043,-34.9653
15.0,-0.873296,-35.5306
16.0,-0.651307,-35.9672
17.0,-0.350434,-36.2929
18.0,-0.00682217,-36.4681
19.0,-0.554742,-36.4715
20.0,-0.334732,-36.7489
21.0,-0.247739,-36.9162
22.0,0.21806,-37.0401
23.0,0.0192299,-36.9311
24.0,0.16226,-36.9214
25.0,-0.0420527,-36.8403
26.0,0.159817,-36.8613
27.0,0.119711,-36.7814
28.0,0.200125,-36.7216
29.0,0.143848,-36.6215
30.0,-0.133304,-36.5496
31.0,-0.0517946,-36.6162
32.0,-0.339189,-36.6421
33.0,-0.245695,-36.8117
34.0,-0.031369,-36.9346
35.0,-0.26497,-36.9503
36.0,-0.228149,-37.0827
37.0,-0.236846,-37.1968
38.0,0.29801,-37.3152
39.0,0.132632,-37.1662
40.0,0.620965,-37.0999
41.0,0.892026,-36.7894
42.0,0.733419,-36.3434
43.0,0.576694,-35.9767
44.0,0.891584,-35.6884
45.0,1.17036,-35.2426
46.0,0.971341,-34.6574
47.0,0.920395,-34.1717
48.0,0.868939,-33.7115
49.0,0.886767,-33.2771
50.0,0.911834,-32.8337
51.0,0.840435,-32.3778
52.0,1.15968,-31.9575
53.0,1.02401,-31.3777
54.0,0.922606,-30.8657
55.0,0.770357,-30.4044
56.0,1.23534,-30.0192
57.0,1.43812,-29.4015
58.0,2.14388,-28.6825
59.0,2.07505,-27.6105
60.0,1.73022,-26.573
61.0,1.96463,-25.7079
62.0,2.04322,-24.7256
63.0,2.387,-23.704
64.0,2.28746,-22.5105
65.0,2.42109,-21.3668
66.0,2.40465,-20.1562
67.0,2.04593,-18.9539
68.0,1.95847,-17.9309
69.0,2.05628,-16.9517
70.0,2.18004,-15.9236
71.0,2.54537,-14.8335
72.0,2.49,-13.5608
73.0,2.86268,-12.3158
74.0,2.79477,-10.8845
75.0,2.95097,-9.48713
76.0,2.85574,-8.01164
77.0,2.81875,-6.58377
78.0,2.43132,-5.17439
79.0,3.23791,-3.95874
80.0,4.10447,-2.33978
81.0,4.1753,-0.287546
82.0,4.08687,1.8001
83.0,3.96498,3.84354
84.0,3.84656,5.82603
85.0,3.79645,7.74931
86.0,3.98442,9.64753
87.0,3.67876,11.6397
88.0,3.69793,13.4791
89.0,3.84383,15.3281
90.0,3.93475,17.25
91.0,3.12163,19.2174
92.0,3.0774,20.7782
93.0,3.06662,22.3169
94.0,3.20484,23.8502
95.0,2.95931,25.4526
96.0,2.8784,26.9323
97.0,2.64575,28.3715
98.0,2.56134,29.6943
99.0,2.58145,30.975
100.0,2.69167,32.2657
1.0,0.317913,49.8573
2.0,0.444769,50.0162
3.0,0.206223,50.2386
4.0,-0.12444,50.3417
5.0,0.0794657,50.2795
6.0,-0.0440217,50.3192
7.0,0.0132632,50.2972
8.0,-0.444246,50.3038
9.0,-0.710838,50.0817
10.0,-1.10003,49.7263
11.0,-0.991359,49.1763
12.0,-1.13032,48.6806
13.0,-1.33309,48.1155
14.0,-1.84699,47.4489
15.0,-1.7919,46.5254
16.0,-1.50576,45.6295
17.0,-1.73406,44.8766
18.0,-1.7607,44.0096
19.0,-1.46203,43.1292
20.0,-1.26458,42.3982
21.0,-1.48183,41.7659
22.0,-1.45355,41.025
23.0,-1.34124,40.2982
24.0,-1.2062,39.6276
25.0,-1.09185,39.0245
26.0,-1.31042,38.4786
27.0,-1.21987,37.8234
28.0,-1.19744,37.2134
29.0,-1.10211,36.6147
30.0,-1.23945,36.0636
31.0,-1.41132,35.4439
32.0,-1.30594,34.7383
33.0,-1.43635,34.0853
34.0,-1.19504,33.3671
35.0,-1.3991,32.7696
36.0,-1.2021,32.07
37.0,-1.46782,31.469
38.0,-1.65715,30.7351
39.0,-1.69424,29.9065
40.0,-1.74024,29.0594
41.0,-1.90135,28.1893
42.0,-1.93954,27.2386
43.0,-1.69595,26.2688
44.0,-1.75134,25.4209
45.0,-1.61606,24.5452
46.0,-1.86766,23.7372
47.0,-1.70779,22.8033
48.0,-1.74011,21.9494
49.0,-1.46379,21.0794
50.0,-1.59806,20.3475
51.0,-1.43618,19.5484
52.0,-1.15414,18.8304
53.0,-1.05881,18.2533
54.0,-1.34654,17.7239
55.0,-1.06064,17.0506
56.0,-1.37329,16.5203
57.0,-1.42601,15.8336
58.0,-1.51325,15.1206
59.0,-0.916304,14.364
60.0,-0.753116,13.9059
61.0,-0.611569,13.5293
62.0,-0.594948,13.2235
63.0,-0.410323,12.926
64.0,-0.270568,12.7209
65.0,-0.279525,12.5856
66.0,0.0497545,12.4458
67.0,-0.176847,12.4707
68.0,-0.296938,12.3823
69.0,-0.744189,12.2338
70.0,-0.362445,11.8617
71.0,-0.387567,11.6805
72.0,-0.639003,11.4867
73.0,-0.608209,11.1672
74.0,-0.795594,10.8631
75.0,-1.03228,10.4653
76.0,-0.826392,9.94918
77.0,-0.958484,9.53598
78.0,-1.11565,9.05674
79.0,-0.95854,8.49892
80.0,-0.77274,8.01965
81.0,-0.984376,7.63328
82.0,-0.984985,7.14109
83.0,-0.783522,6.6486
84.0,-0.788301,6.25684
85.0,-0.755579,5.86269
86.0,-0.643285,5.4849
87.0,-0.471112,5.16326
88.0,-0.806006,4.9277
89.0,-0.971272,4.5247
90.0,-0.439298,4.03906
91.0,-0.490625,3.81941
92.0,-0.420552,3.5741
93.0,0.155254,3.36382
94.0,0.515238,3.44145
95.0,0.598329,3.69907
96.0,0.875188,3.99824
97.0,1.38324,4.43583
98.0,1.55246,5.12745
99.0,1.39793,5.90368
100.0,1.67093,6.60264
1.0,0.539653,69.9685
2.0,0.103843,70.2383
3.0,0.090742,70.2903
4.0,-0.243005,70.3356
5.0,-0.256559,70.2141
6.0,-0.432193,70.0858
7.0,-0.134277,69.8697
8.0,-0.222715,69.8026
9.0,-0.118013,69.6912
10.0,-0.162787,69.6322
11.0,-0.00868922,69.5508
12.0,0.0998604,69.5465
13.0,0.151872,69.5964
14.0,0.1514,69.6724
15.0,0.047211,69.7481
16.0,-0.435733,69.7717
17.0,-0.697584,69.5538
18.0,-1.00838,69.205
19.0,-1.38422,68.7008
20.0,-1.45395,68.0087
21.0,-1.12742,67.2817
22.0,-1.08889,66.718
23.0,-0.910045,66.1736
24.0,-1.42075,65.7186
25.0,-1.46474,65.0082
26.0,-1.3076,64.2758
27.0,-1.40352,63.622
28.0,-1.50238,62.9203
29.0,-1.71537,62.1691
30.0,-1.59475,61.3114
31.0,-1.81732,60.514
32.0,-1.73864,59.6053
33.0,-1.78585,58.736
34.0,-1.99669,57.8431
35.0,-2.00221,56.8448
36.0,-2.26876,55.8437
37.0,-2.41372,54.7093
38.0,-2.79718,53.5024
39.0,-3.1362,52.1038
40.0,-3.61579,50.5357
41.0,-3.5208,48.7278
42.0,-4.00233,46.9674
43.0,-4.10299,44.9663
44.0,-3.84568,42.9148
45.0,-4.04938,40.9919
46.0,-3.90237,38.9672
47.0,-3.90371,37.016
48.0,-4.09613,35.0642
49.0,-4.30628,33.0161
50.0,-4.1806,30.863
51.0,-4.17078,28.7727
52.0,-4.00493,26.6873
53.0,-3.87492,24.6848
54.0,-3.98737,22.7474
55.0,-3.95273,20.7537
56.0,-4.47593,18.7773
57.0,-4.25989,16.5394
58.0,-3.92332,14.4094
59.0,-3.34304,12.4478
60.0,-3.25206,10.7762
61.0,-3.04929,9.15021
62.0,-3.25028,7.62556
63.0,-3.28194,6.00042
64.0,-3.17659,4.35945
65.0,-2.98505,2.77116
66.0,-2.56874,1.27863
67.0,-2.20824,-0.00573409
68.0,-2.61698,-1.10985
69.0,-2.45086,-2.41834
70.0,-2.96483,-3.64377
71.0,-2.60247,-5.12618
72.0,-2.71557,-6.42742
73.0,-3.04274,-7.7852
74.0,-2.60378,-9.30657
75.0,-2.56881,-10.6085
76.0,-2.02381,-11.8929
77.0,-2.06737,-12.9048
78.0,-1.48798,-13.9385
79.0,-1.39455,-14.6824
80.0,-1.72222,-15.3797
81.0,-1.85948,-16.2408
82.0,-1.33114,-17.1706
83.0,-1.08657,-17.8361
84.0,-0.86764,-18.3794
85.0,-0.40217,-18.8132
86.0,0.049618,-19.0143
87.0,0.0516946,-18.9895
88.0,0.33335,-18.9637
89.0,0.416463,-18.797
90.0,0.734238,-18.5888
91.0,0.852844,-18.2216
92.0,1.39567,-17.7952
93.0,1.42695,-17.0974
94.0,1.92791,-16.3839
95.0,2.46207,-15.42
96.0,1.90892,-14.1889
97.0,1.74064,-13.2345
98.0,1.53839,-12.3642
99.0,1.3675,-11.595
100.0,1.38281,-10.9112
1.0,0.471679,-32.1461
2.0,0.412012,-31.9103
3.0,0.803487,-31.7042
4.0,0.520656,-31.3025
5.0,0.292865,-31.0422
6.0,0.632873,-30.8957
7.0,0.609055,-30.5793
8.0,0.87634,-30.2748
9.0,1.23933,-29.8366
10.0,1.02739,-29.2169
11.0,0.865909,-28.7032
12.0,0.967931,-28.2703
13.0,0.936154,-27.7863
14.0,1.42042,-27.3183
15.0,1.5105,-26.608
16.0,1.48539,-25.8528
17.0,1.50002,-25.1101
18.0,1.20368,-24.3601
19.0,0.888985,-23.7582
20.0,0.949137,-23.3138
21.0,0.901408,-22.8392
22.0,1.04876,-22.3885
23.0,1.09604,-21.8641
24.0,1.19307,-21.3161
25.0,1.10764,-20.7196
26.0,1.10079,-20.1657
27.0,0.677349,-19.6153
28.0,0.860196,-19.2767
29.0,0.781061,-18.8466
30.0,1.17814,-18.456
31.0,0.795687,-17.867
32.0,0.634838,-17.4691
33.0,0.888274,-17.1517
34.0,1.07257,-16.7076
35.0,1.16853,-16.1713
36.0,1.34863,-15.587
37.0,1.06645,-14.9127
38.0,1.1693,-14.3795
39.0,1.14458,-13.7948
40.0,1.42289,-13.2225
41.0,1.28032,-12.5111
42.0,1.38879,-11.8709
43.0,1.67073,-11.1765
44.0,1.35674,-10.3412
45.0,1.91849,-9.66279
46.0,1.67976,-8.70355
47.0,1.4289,-7.86367
48.0,1.0226,-7.14922
49.0,1.62757,-6.63792
50.0,1.30187,-5.82413
51.0,1.46982,-5.1732
52.0,1.81906,-4.43828
53.0,1.86262,-3.52875
54.0,1.6269,-2.59744
55.0,1.69915,-1.78399
56.0,1.55389,-0.934417
57.0,1.84184,-0.157473
58.0,1.70044,0.763447
59.0,1.6397,1.61367
60.0,1.24376,2.43352
61.0,1.726,3.0554
62.0,1.66895,3.9184
63.0,1.88458,4.75288
64.0,2.18243,5.69517
65.0,2.25274,6.78638
66.0,1.83398,7.91276
67.0,1.91839,8.82974
68.0,1.95854,9.78894
69.0,2.22457,10.7682
70.0,2.48464,11.8805
71.0,2.2655,13.1228
72.0,2.03174,14.2556
73.0,1.85281,15.2714
74.0,1.27646,16.1978
75.0,1.0618,16.8361
76.0,0.798997,17.367
77.0,0.629332,17.7665
78.0,0.270748,18.0811
79.0,0.343898,18.2165
80.0,0.336255,18.3884
81.0,0.665024,18.5566
82.0,0.141379,18.8891
83.0,0.215905,18.9598
84.0,0.4268,19.0677
85.0,0.156349,19.2811
86.0,0.178617,19.3593
87.0,0.453681,19.4486
88.0,0.370121,19.6755
89.0,0.309815,19.8605
90.0,0.272052,20.0154
91.0,0.304429,20.1514
92.0,0.228918,20.3037
93.0,0.183476,20.4181
94.0,0.0174885,20.5099
95.0,-0.153369,20.5186
96.0,0.305741,20.4419
97.0,-0.0124439,20.5948
98.0,0.171625,20.5886
99.0,-0.0113216,20.6744
100.0,0.131737,20.6687
1.0,0.812221,-17.8157
2.0,1.02217,-17.4096
3.0,0.930031,-16.8985
4.0,0.982337,-16.4335
5.0,0.91337,-15.9423
6.0,0.85599,-15.4857
7.0,0.463352,-15.0577
8.0,0.293517,-14.826
9.0,-0.0987069,-14.6792
10.0,-0.333219,-14.7286
11.0,-0.42084,-14.8952
12.0,-0.743301,-15.1056
13.0,-1.06837,-15.4773
14.0,-1.2325,-16.0115
15.0,-1.1017,-16.6277
16.0,-0.669814,-17.1786
17.0,-0.744637,-17.5135
18.0,-0.758146,-17.8858
19.0,-0.505596,-18.2649
20.0,-0.450203,-18.5177
21.0,0.105734,-18.7428
22.0,0.0460219,-18.6899
23.0,-0.0322055,-18.6669
24.0,-0.233919,-18.683
25.0,-0.387342,-18.7999
26.0,0.124111,-18.9936
27.0,0.126439,-18.9316
28.0,0.34567,-18.8683
29.0,0.377193,-18.6955
30.0,0.612418,-18.5069
31.0,0.991747,-18.2007
32.0,0.997985,-17.7048
33.0,0.952504,-17.2058
34.0,1.13549,-16.7296
35.0,1.2271,-16.1618
36.0,1.31372,-15.5483
37.0,1.09327,-14.8914
38.0,1.24848,-14.3448
39.0,0.862617,-13.7205
40.0,1.03473,-13.2892
41.0,1.18197,-12.7719
42.0,1.48817,-12.1809
43.0,1.56892,-11.4368
44.0,1.50271,-10.6523
45.0,1.88518,-9.90099
46.0,1.85072,-8.9584
47.0,1.68272,-8.03304
48.0,1.61931,-7.19168
49.0,1.334,-6.38202
50.0,1.54984,-5.71502
51.0,1.3135,-4.9401
52.0,1.64062,-4.28335
53.0,1.79007,-3.46304
54.0,1.95461,-2.56801
55.0,1.94035,-1.5907
56.0,2.0341,-0.620526
57.0,1.76162,0.396525
58.0,1.49973,1.27734
59.0,1.24815,2.0272
60.0,1.17163,2.65128
61.0,1.31816,3.23709
62.0,1.09732,3.89617
63.0,1.39454,4.44483
64.0,1.35966,5.1421
65.0,1.1295,5.82193
66.0,1.51142,6.38668
67.0,1.83122,7.14239
68.0,1.34854,8.05801
69.0,1.98034,8.73228
70.0,1.71707,9.72245
71.0,1.71057,10.581
72.0,1.22652,11.4363
73.0,1.43247,12.0495
74.0,1.58304,12.7658
75.0,1.69394,13.5573
76.0,1.91612,14.4043
77.0,1.57621,15.3623
78.0,1.08883,16.1504
79.0,0.902499,16.6948
80.0,0.724287,17.1461
81.0,1.02536,17.5082
82.0,0.969171,18.0209
83.0,0.80234,18.5055
84.0,0.290246,18.9067
85.0,0.283853,19.0518
86.0,0.138339,19.1937
87.0,-0.182867,19.2629
88.0,-0.238563,19.1714
89.0,-0.208283,19.0522
90.0,-0.0390516,18.948
91.0,-0.167875,18.9285
92.0,-0.125547,18.8446
93.0,0.121944,18.7818
94.0,-0.0600957,18.8428
95.0,-0.116754,18.8127
96.0,0.238561,18.7543
97.0,0.571498,18.8736
98.0,0.6872,19.1594
99.0,0.310288,19.503
100.0,0.424084,19.6581
1.0,0.884851,-95.7841
2.0,0.656355,-95.3416
3.0,0.933861,-95.0135
4.0,1.04386,-94.5465
5.0,1.05913,-94.0246
6.0,1.05885,-93.495
7.0,1.11497,-92.9656
8.0,0.80449,-92.4081
9.0,1.09844,-92.0059
10.0,1.14239,-91.4567
11.0,1.51132,-90.8855
12.0,1.33814,-90.1298
13.0,1.55858,-89.4607
14.0,1.51448,-88.6814
15.0,1.76617,-87.9242
16.0,1.9576,-87.0411
17.0,2.10097,-86.0623
18.0,2.007,-85.0118
19.0,1.8612,-84.0083
20.0,1.7635,-83.0777
21.0,1.66976,-82.196
22.0,1.40171,-81.3611
23.0,1.40711,-80.6603
24.0,1.52966,-79.9567
25.0,1.69868,-79.1919
26.0,1.76407,-78.3425
27.0,1.87227,-77.4605
28.0,1.70921,-76.5244
29.0,1.91871,-75.6698
30.0,1.69671,-74.7104
31.0,1.72944,-73.8621
32.0,2.06469,-72.9973
33.0,2.23792,-71.965
34.0,2.42869,-70.846
35.0,2.51213,-69.6317
36.0,2.78779,-68.3756
37.0,2.78855,-66.9817
38.0,2.55928,-65.5875
39.0,2.68865,-64.3078
40.0,2.78804,-62.9635
41.0,2.68126,-61.5695
42.0,2.71955,-60.2288
43.0,2.84792,-58.8691
44.0,2.72901,-57.4451
45.0,2.74344,-56.0806
46.0,3.1334,-54.7089
47.0,2.74827,-53.1422
48.0,2.87422,-51.768
49.0,2.9366,-50.3309
50.0,2.27814,-48.8626
51.0,2.31234,-47.7236
52.0,2.43586,-46.5674
53.0,1.99259,-45.3495
54.0,2.239,-44.3532
55.0,2.4606,-43.2337
56.0,2.51504,-42.0034
57.0,2.39899,-40.7459
58.0,2.26818,-39.5464
59.0,2.30557,-38.4123
60.0,2.89969,-37.2595
61.0,3.25391,-35.8096
62.0,3.81904,-34.1827
63.0,3.73677,-32.2732
64.0,3.59974,-30.4048
65.0,3.47568,-28.6049
66.0,3.2009,-26.8671
67.0,2.98352,-25.2666
68.0,3.00631,-23.7749
69.0,2.97105,-22.2717
70.0,3.18714,-20.7862
71.0,3.47401,-19.1926
72.0,3.52695,-17.4556
73.0,3.2068,-15.6921
74.0,3.2921,-14.0887
75.0,2.85188,-12.4427
76.0,2.74941,-11.0167
77.0,2.79257,-9.64203
78.0,2.46836,-8.24575
79.0,2.49478,-7.01157
80.0,2.35392,-5.76418
81.0,2.1916,-4.58722
82.0,1.94749,-3.49142
83.0,1.90305,-2.51768
84.0,1.91542,-1.56615
85.0,1.67068,-0.608442
86.0,1.61722,0.2269
87.0,1.56533,1.03551
88.0,1.62155,1.81818
89.0,0.914063,2.62895
90.0,0.568618,3.08598
91.0,0.377012,3.37029
92.0,0.324206,3.5588
93.0,0.629427,3.7209
94.0,0.666309,4.03561
95.0,0.665313,4.36877
96.0,0.291992,4.70143
97.0,0.409065,4.84742
98.0,0.282976,5.05195
99.0,0.482621,5.19344
100.0,0.322906,5.43475
1.0,-1.39936,-155.709
2.0,-1.47021,-156.408
3.0,-1.149,-157.144
4.0,-1.24226,-157.718
5.0,-1.15249,-158.339
6.0,-0.758391,-158.915
7.0,-0.543225,-159.295
8.0,0.162589,-159.566
9.0,0.354532,-159.485
10.0,0.406431,-159.308
11.0,0.553453,-159.104
12.0,0.650267,-158.828
13.0,1.00154,-158.503
14.0,1.38577,-158.002
15.0,1.32872,-157.309
16.0,1.66421,-156.645
17.0,1.90153,-155.812
18.0,2.30581,-154.862
19.0,2.48915,-153.709
20.0,2.62782,-152.464
21.0,2.51202,-151.15
22.0,2.66803,-149.894
23.0,2.87041,-148.56
24.0,2.75791,-147.125
25.0,2.95938,-145.746
26.0,3.20105,-144.266
27.0,3.14295,-142.666
28.0,3.41481,-141.094
29.0,3.17263,-139.387
30.0,3.22005,-137.801
31.0,3.2586,-136.191
32.0,3.12899,-134.561
33.0,3.42798,-132.997
34.0,3.76283,-131.283
35.0,4.15973,-129.401
36.0,4.25957,-127.322
37.0,4.45525,-125.192
38.0,4.95605,-122.964
39.0,5.37086,-120.486
40.0,5.55898,-117.801
41.0,5.10914,-115.021
42.0,5.18499,-112.467
43.0,5.06146,-109.874
44.0,5.3535,-107.343
45.0,5.27316,-104.667
46.0,5.45987,-102.03
47.0,5.46537,-99.3002
48.0,5.77647,-96.5675
49.0,5.8924,-93.6793
50.0,6.07232,-90.7331
51.0,6.48663,-87.6969
52.0,6.55571,-84.4536
53.0,6.64105,-81.1758
54.0,6.35319,-77.8552
55.0,6.27272,-74.6786
56.0,6.87022,-71.5423
57.0,6.8565,-68.1072
58.0,7.42687,-64.6789
59.0,7.44945,-60.9655
60.0,7.72182,-57.2408
61.0,7.63424,-53.3798
62.0,7.38544,-49.5627
63.0,7.24411,-45.87
64.0,7.19305,-42.2479
65.0,7.40024,-38.6514
66.0,7.39203,-34.9513
67.0,7.34665,-31.2553
68.0,7.02572,-27.582
69.0,6.78732,-24.0691
70.0,6.71207,-20.6754
71.0,6.42527,-17.3194
72.0,6.23407,-14.1068
73.0,5.94881,-10.9897
74.0,5.8357,-8.01533
75.0,5.61218,-5.09748
76.0,5.43607,-2.29139
77.0,5.21943,0.42664
78.0,4.97768,3.03635
79.0,4.44535,5.52519
80.0,4.34813,7.74787
81.0,4.31151,9.92193
82.0,3.87428,12.0777
83.0,3.51976,14.0148
84.0,3.45932,15.7747
85.0,3.05105,17.5044
86.0,3.02953,19.0299
87.0,2.96312,20.5447
88.0,2.95869,22.0262
89.0,2.77394,23.5056
90.0,2.58879,24.8925
91.0,2.50096,26.1869
92.0,1.9751,27.4374
93.0,1.86478,28.425
94.0,2.0199,29.3574
95.0,1.34122,30.3673
96.0,1.0065,31.0379
97.0,0.867849,31.5412
98.0,0.617688,31.9751
99.0,0.629361,32.2839
100.0,0.793936,32.5986
1.0,-0.337049,-11.6912
2.0,0.00858095,-11.8597
3.0,-0.194247,-11.8555
4.0,0.148589,-11.9526
5.0,0.651974,-11.8783
6.0,1.01674,-11.5523
7.0,1.3063,-11.0439
8.0,1.35256,-10.3908
9.0,1.4131,-9.7145
10.0,1.6863,-9.00795
11.0,2.07257,-8.1648
12.0,2.10439,-7.12851
13.0,2.36636,-6.07632
14.0,2.20342,-4.89314
15.0,2.26712,-3.79143
16.0,2.40563,-2.65786
17.0,1.96253,-1.45505
18.0,2.14626,-0.473783
19.0,2.13134,0.599345
20.0,1.99533,1.66502
21.0,2.0467,2.66268
22.0,2.02119,3.68603
23.0,2.22483,4.69663
24.0,2.38866,5.80904
25.0,2.04703,7.00337
26.0,2.30508,8.02689
27.0,2.30745,9.17943
28.0,2.18751,10.3332
29.0,2.50648,11.4269
30.0,2.61973,12.6801
31.0,3.03002,13.99
32.0,2.9959,15.505
33.0,2.97615,17.003
34.0,3.04897,18.491
35.0,3.00336,20.0155
36.0,3.26097,21.5172
37.0,3.13507,23.1477
38.0,3.10084,24.7152
39.0,2.91998,26.2657
40.0,2.78673,27.7256
41.0,2.61827,29.119
42.0,2.15686,30.4281
43.0,2.2694,31.5066
44.0,2.38677,32.6413
45.0,2.2499,33.8347
46.0,2.05513,34.9596
47.0,2.40637,35.9872
48.0,2.41115,37.1904
49.0,2.29123,38.3959
50.0,2.03274,39.5415
51.0,1.56659,40.5579
52.0,1.62232,41.3412
53.0,1.74502,42.1524
54.0,1.61895,43.0249
55.0,1.65457,43.8344
56.0,1.30339,44.6616
57.0,1.40527,45.3133
58.0,1.4439,46.016
59.0,1.43438,46.7379
60.0,1.73729,47.4551
61.0,1.54248,48.3238
62.0,1.68269,49.095
63.0,1.63233,49.9363
64.0,1.27493,50.7525
65.0,0.712661,51.39
66.0,0.408678,51.7463
67.0,0.457051,51.9506
68.0,0.144356,52.1792
69.0,0.0912551,52.2514
70.0,0.422337,52.297
71.0,0.543914,52.5082
72.0,0.214058,52.7801
73.0,0.131371,52.8871
74.0,0.101032,52.9528
75.0,-0.0797206,53.0033
76.0,0.476856,52.9635
77.0,0.508947,53.2019
78.0,0.748284,53.4564
79.0,0.863486,53.8305
80.0,1.28004,54.2623
81.0,1.19466,54.9023
82.0,0.887118,55.4996
83.0,0.960845,55.9432
84.0,0.717626,56.4236
85.0,0.613688,56.7824
86.0,0.257811,57.0893
87.0,0.0526544,57.2182
88.0,-0.165838,57.2445
89.0,-0.402355,57.1616
90.0,-0.727124,56.9604
91.0,-0.575799,56.5968
92.0,-0.252755,56.3089
93.0,-0.528103,56.1826
94.0,-0.939489,55.9185
95.0,-0.64909,55.4488
96.0,-0.271167,55.1242
97.0,-0.391538,54.9886
98.0,0.113431,54.7929
99.0,0.21078,54.8496
100.0,0.20947,54.955
1.0,-9.49656,174.545
2.0,-9.3579,169.797
3.0,-9.36555,165.118
4.0,-9.3223,160.435
5.0,-9.45434,155.774
6.0,-9.25568,151.046
7.0,-9.31561,146.419
8.0,-9.03971,141.761
9.0,-8.83283,137.241
10.0,-8.47595,132.825
11.0,-8.46307,128.587
12.0,-8.05352,124.355
13.0,-7.86836,120.328
14.0,-7.6043,116.394
15.0,-7.46693,112.592
16.0,-7.18706,108.858
17.0,-6.91378,105.265
18.0,-6.77051,101.808
19.0,-7.10394,98.4228
20.0,-7.12793,94.8708
21.0,-6.83331,91.3069
22.0,-6.86851,87.8902
23.0,-6.87286,84.456
24.0,-7.00684,81.0195
25.0,-6.64676,77.5161
26.0,-6.11752,74.1927
27.0,-5.60048,71.134
28.0,-5.8703,68.3337
29.0,-5.53102,65.3986
30.0,-5.22473,62.6331
31.0,-5.49813,60.0207
32.0,-5.55512,57.2716
33.0,-5.92781,54.4941
34.0,-5.20663,51.5302
35.0,-5.42551,48.9269
36.0,-5.60613,46.2141
37.0,-5.19232,43.411
38.0,-5.39544,40.8149
39.0,-5.12905,38.1172
40.0,-5.29168,35.5526
41.0,-4.68469,32.9068
42.0,-4.309,30.5645
43.0,-4.27138,28.41
44.0,-4.08269,26.2743
45.0,-4.16185,24.2329
46.0,-4.07516,22.152
47.0,-3.75809,20.1144
48.0,-3.72352,18.2354
49.0,-3.52998,16.3736
50.0,-3.53987,14.6086
51.0,-3.84469,12.8387
52.0,-4.10345,10.9163
53.0,-3.87072,8.86462
54.0,-3.91823,6.92926
55.0,-3.52824,4.97014
56.0,-3.25206,3.20602
57.0,-3.2854,1.58
58.0,-3.01455,-0.0627035
59.0,-2.50523,-1.56998
60.0,-2.40511,-2.82259
61.0,-2.20136,-4.02515
62.0,-1.935,-5.12583
63.0,-1.44177,-6.09333
64.0,-1.1796,-6.81421
65.0,-1.18334,-7.40401
66.0,-1.23383,-7.99568
67.0,-1.37459,-8.6126
68.0,-1.20134,-9.2999
69.0,-0.846856,-9.90057
70.0,-0.336814,-10.324
71.0,-0.362607,-10.4924
72.0,0.105471,-10.6737
73.0,0.866943,-10.621
74.0,0.748196,-10.1875
75.0,0.910562,-9.8134
76.0,1.02676,-9.35812
77.0,1.32247,-8.84474
78.0,1.55271,-8.18351
79.0,2.13959,-7.40715
80.0,2.37674,-6.33736
81.0,2.23346,-5.14899
82.0,2.85785,-4.03226
83.0,3.03891,-2.60333
84.0,3.17105,-1.08388
85.0,3.20103,0.501649
86.0,3.02212,2.10216
87.0,2.62138,3.61322
88.0,2.75698,4.92391
89.0,2.06415,6.30241
90.0,2.14986,7.33448
91.0,1.83926,8.40941
92.0,1.58341,9.32904
93.0,1.3082,10.1207
94.0,1.24064,10.7748
95.0,0.647538,11.3952
96.0,0.845136,11.7189
97.0,0.591497,12.1415
98.0,0.254456,12.4373
99.0,0.606548,12.5645
100.0,0.496173,12.8678
1.0,0.097396,-142.007
2.0,0.257774,-141.958
3.0,0.213662,-141.829
4.0,0.308721,-141.723
5.0,-0.00616893,-141.568
6.0,0.356389,-141.571
7.0,0.496526,-141.393
8.0,0.905147,-141.145
9.0,0.483838,-140.692
10.0,0.26634,-140.45
11.0,0.14634,-140.317
12.0,0.513678,-140.244
13.0,0.850558,-139.987
14.0,1.32765,-139.562
15.0,1.56396,-138.898
16.0,1.69162,-138.116
17.0,1.93929,-137.27
18.0,2.12134,-136.301
19.0,1.95196,-135.24
20.0,2.24943,-134.264
21.0,2.34028,-133.139
22.0,2.37211,-131.969
23.0,2.5509,-130.783
24.0,2.60515,-129.508
25.0,2.57734,-128.205
26.0,3.25997,-126.916
27.0,3.54438,-125.286
28.0,4.16238,-123.514
29.0,4.52649,-121.433
30.0,4.50957,-119.17
31.0,4.29917,-116.915
32.0,4.42697,-114.765
33.0,4.37212,-112.552
34.0,4.9351,-110.366
35.0,5.0506,-107.898
36.0,5.64637,-105.373
37.0,5.79243,-102.55
38.0,5.86692,-99.6536
39.0,6.07955,-96.7201
40.0,6.1799,-93.6804
41.0,6.52776,-90.5904
42.0,6.24333,-87.3265
43.0,6.39356,-84.2049
44.0,6.51364,-81.0081
45.0,6.22795,-77.7513
46.0,6.44434,-74.6373
47.0,6.56799,-71.4151
48.0,7.06474,-68.1311
49.0,6.95365,-64.5988
50.0,6.64628,-61.1219
51.0,6.3935,-57.7988
52.0,6.60318,-54.602
53.0,6.20639,-51.3005
54.0,6.13884,-48.1973
55.0,5.71259,-45.1278
56.0,5.06477,-42.2715
57.0,5.22532,-39.7392
58.0,4.95688,-37.1265
59.0,4.1901,-34.6481
60.0,4.24549,-32.553
61.0,4.45224,-30.4303
62.0,4.17194,-28.2041
63.0,4.54585,-26.1182
64.0,4.43298,-23.8452
65.0,4.42973,-21.6288
66.0,4.30623,-19.4139
67.0,4.08012,-17.2608
68.0,4.04562,-15.2207
69.0,3.93308,-13.1979
70.0,4.14837,-11.2314
71.0,4.22014,-9.15718
72.0,4.12968,-7.04711
73.0,3.8875,-4.98227
74.0,3.86996,-3.03852
75.0,3.82934,-1.10354
76.0,3.80582,0.811123
77.0,3.96182,2.71403
78.0,3.85618,4.69494
79.0,3.98762,6.62304
80.0,3.97933,8.61685
81.0,3.96983,10.6065
82.0,3.59476,12.5914
83.0,3.41604,14.3888
84.0,3.0329,16.0968
85.0,2.78651,17.6133
86.0,2.55217,19.0065
87.0,2.08273,20.2826
88.0,1.70252,21.324
89.0,1.48208,22.1752
90.0,0.961274,22.9163
91.0,0.380118,23.3969
92.0,0.07551,23.587
93.0,-0.129672,23.6247
94.0,-0.161132,23.5599
95.0,-0.48206,23.4793
96.0,-0.601577,23.2383
97.0,-0.84304,22.9375
98.0,-0.855659,22.516
99.0,-0.8986,22.0882
100.0,-0.572546,21.6389
1.0,-0.26138,60.1534
2.0,-0.395233,60.0227
3.0,-0.525737,59.8251
4.0,-0.622286,59.5622
5.0,-0.669259,59.2511
6.0,-0.462083,58.9165
7.0,-0.174911,58.6854
8.0,-0.193153,58.598
9.0,-0.486637,58.5014
10.0,-0.722723,58.2581
11.0,-0.546358,57.8967
12.0,-0.771274,57.6235
13.0,-0.435926,57.2379
14.0,-0.685975,57.0199
15.0,-0.656096,56.6769
16.0,-0.995559,56.3489
17.0,-1.14689,55.8511
18.0,-1.45897,55.2777
19.0,-1.30606,54.5482
20.0,-1.08299,53.8952
21.0,-0.956887,53.3537
22.0,-0.702413,52.8752
23.0,-0.594421,52.524
24.0,-0.469401,52.2268
25.0,-0.421138,51.9921
26.0,-0.43638,51.7815
27.0,-0.157665,51.5634
28.0,0.01131,51.4845
29.0,0.0331983,51.4902
30.0,-0.25625,51.5068
31.0,-0.300265,51.3786
32.0,-0.763804,51.2285
33.0,-0.511938,50.8466
34.0,-0.67332,50.5906
35.0,-0.436524,50.254
36.0,-0.114259,50.0357
37.0,0.105914,49.9786
38.0,0.247316,50.0316
39.0,0.183185,50.1552
40.0,0.119003,50.2468
41.0,-0.112035,50.3063
42.0,-0.114277,50.2503
43.0,0.151506,50.1931
44.0,0.233793,50.2689
45.0,0.0699894,50.3858
46.0,-0.352648,50.4208
47.0,-0.136649,50.2445
48.0,-0.49073,50.1761
49.0,-0.101472,49.9308
50.0,0.0465644,49.88
51.0,0.241064,49.9033
52.0,0.226537,50.0239
53.0,-0.131042,50.1371
54.0,-0.190112,50.0716
55.0,-0.117247,49.9766
56.0,-0.415356,49.9179
57.0,-0.513332,49.7102
58.0,-0.444747,49.4536
59.0,-0.681469,49.2312
60.0,-0.488357,48.8905
61.0,-0.637738,48.6463
62.0,-1.10447,48.3274
63.0,-1.26381,47.7752
64.0,-0.988814,47.1433
65.0,-1.3337,46.6489
66.0,-1.44561,45.982
67.0,-1.69299,45.2592
68.0,-2.03227,44.4127
69.0,-2.00686,43.3966
70.0,-1.79956,42.3932
71.0,-1.86316,41.4934
72.0,-2.17927,40.5618
73.0,-2.07664,39.4722
74.0,-2.17394,38.4338
75.0,-2.1274,37.3469
76.0,-1.80315,36.2832
77.0,-1.9719,35.3816
78.0,-2.14339,34.3956
79.0,-2.35258,33.324
80.0,-2.41868,32.1477
81.0,-2.04586,30.9383
82.0,-1.9497,29.9154
83.0,-2.26721,28.9405
84.0,-2.37165,27.8069
85.0,-2.34532,26.6211
86.0,-2.07308,25.4484
87.0,-1.87644,24.4119
88.0,-1.71674,23.4737
89.0,-1.68619,22.6153
90.0,-1.53614,21.7722
91.0,-1.60642,21.0042
92.0,-1.73332,20.2009
93.0,-1.52228,19.3343
94.0,-1.36679,18.5731
95.0,-1.10828,17.8897
96.0,-0.936613,17.3356
97.0,-0.768338,16.8673
98.0,-0.557619,16.4831
99.0,-0.379855,16.2043
100.0,-0.545868,16.0144
1.0,-1.08939,74.6996
2.0,-1.23579,74.1549
3.0,-1.18033,73.537
4.0,-0.859979,72.9469
5.0,-1.19754,72.5169
6.0,-1.3667,71.9181
7.0,-1.36697,71.2347
8.0,-1.11019,70.5513
9.0,-1.26213,69.9962
10.0,-1.25147,69.3651
11.0,-1.49099,68.7394
12.0,-1.45946,67.9939
13.0,-1.51151,67.2641
14.0,-1.33602,66.5084
15.0,-1.30177,65.8404
16.0,-1.37552,65.1895
17.0,-1.33307,64.5017
18.0,-1.14957,63.8352
19.0,-1.06306,63.2604
20.0,-0.916895,62.7289
21.0,-1.12366,62.2704
22.0,-1.26955,61.7086
23.0,-0.965604,61.0738
24.0,-0.770045,60.591
25.0,-0.856689,60.206
26.0,-0.929204,59.7777
27.0,-1.13435,59.3131
28.0,-1.23307,58.7459
29.0,-1.46331,58.1293
30.0,-1.56914,57.3977
31.0,-1.75354,56.6131
32.0,-1.72034,55.7364
33.0,-1.55114,54.8762
34.0,-1.48186,54.1006
35.0,-1.7105,53.3597
36.0,-1.91058,52.5044
37.0,-1.87428,51.5491
38.0,-1.96605,50.612
39.0,-2.01784,49.629
40.0,-1.68448,48.6201
41.0,-1.57932,47.7778
42.0,-1.5563,46.9882
43.0,-1.42545,46.21
44.0,-1.34853,45.4973
45.0,-1.27013,44.823
46.0,-1.38256,44.188
47.0,-1.28226,43.4967
48.0,-1.04865,42.8556
49.0,-0.761459,42.3312
50.0,-0.446164,41.9505
51.0,-0.453891,41.7274
52.0,-0.85906,41.5005
53.0,-0.786692,41.0709
54.0,-0.876248,40.6776
55.0,-0.652044,40.2395
56.0,-0.729962,39.9134
57.0,-0.56424,39.5485
58.0,-0.84747,39.2663
59.0,-1.06256,38.8426
60.0,-1.21648,38.3113
61.0,-1.08329,37.7031
62.0,-1.38358,37.1614
63.0,-1.89507,36.4697
64.0,-2.46516,35.5221
65.0,-2.17382,34.2895
66.0,-2.48434,33.2026
67.0,-2.82797,31.9605
68.0,-3.08915,30.5465
69.0,-3.09086,29.0019
70.0,-3.21428,27.4565
71.0,-3.86269,25.8493
72.0,-3.38468,23.918
73.0,-3.29688,22.2257
74.0,-3.26354,20.5772
75.0,-3.50006,18.9454
76.0,-2.95351,17.1954
77.0,-2.86387,15.7187
78.0,-2.79195,14.2867
79.0,-2.60326,12.8907
80.0,-2.73017,11.5891
81.0,-2.70348,10.224
82.0,-2.20364,8.87228
83.0,-2.31633,7.77047
84.0,-1.89289,6.6123
85.0,-2.09953,5.66586
86.0,-1.91197,4.61609
87.0,-1.36043,3.6601
88.0,-1.54579,2.97989
89.0,-0.831743,2.207
90.0,-0.720923,1.79112
91.0,-0.678976,1.43066
92.0,-0.723604,1.09117
93.0,-0.564338,0.729373
94.0,-0.490476,0.447204
95.0,-0.453379,0.201966
96.0,-0.140695,-0.0247232
97.0,0.244852,-0.0950707
98.0,0.935378,0.0273553
99.0,0.525948,0.495044
100.0,0.585218,0.758018
1.0,0.874395,80.5493
2.0,0.873858,80.9865
3.0,0.776425,81.4234
4.0,0.975714,81.8116
5.0,1.16092,82.2995
6.0,0.729371,82.88
7.0,0.589414,83.2446
8.0,0.524122,83.5394
9.0,0.547959,83.8014
10.0,0.456081,84.0754
11.0,0.270222,84.3034
12.0,0.558853,84.4385
13.0,0.439975,84.718
14.0,0.202468,84.938
15.0,0.0731279,85.0392
16.0,0.137578,85.0758
17.0,-0.00504001,85.1445
18.0,-0.371194,85.142
19.0,-0.462398,84.9564
20.0,-0.568671,84.7252
21.0,-0.697069,84.4409
22.0,-0.998115,84.0924
23.0,-1.1892,83.5933
24.0,-1.09466,82.9987
25.0,-1.00407,82.4514
26.0,-0.960258,81.9493
27.0,-0.799456,81.4692
28.0,-0.552799,81.0695
29.0,-0.331494,80.7931
30.0,-0.267173,80.6273
31.0,-0.273931,80.4938
32.0,-0.73583,80.3568
33.0,-1.16172,79.9889
34.0,-0.987561,79.408
35.0,-1.24087,78.9142
36.0,-1.61963,78.2938
37.0,-1.93879,77.484
38.0,-2.4351,76.5146
39.0,-2.01811,75.297
40.0,-2.41576,74.288
41.0,-2.41761,73.0801
42.0,-2.90021,71.8713
43.0,-3.20361,70.4212
44.0,-3.51967,68.8194
45.0,-3.42897,67.0595
46.0,-3.2581,65.3451
47.0,-3.38306,63.716
48.0,-3.99198,62.0245
49.0,-4.0636,60.0285
50.0,-3.9495,57.9967
51.0,-3.75583,56.0219
52.0,-3.96651,54.144
53.0,-4.14992,52.1608
54.0,-4.47507,50.0858
55.0,-4.54677,47.8483
56.0,-4.47601,45.5749
57.0,-4.57829,43.3369
58.0,-4.36038,41.0477
59.0,-3.92819,38.8675
60.0,-3.596,36.9035
61.0,-3.35071,35.1054
62.0,-3.03885,33.4301
63.0,-3.15764,31.9107
64.0,-2.68286,30.3318
65.0,-2.4351,28.9904
66.0,-2.13265,27.7729
67.0,-2.02107,26.7065
68.0,-2.44008,25.696
69.0,-2.64602,24.476
70.0,-2.91464,23.153
71.0,-2.89673,21.6956
72.0,-2.74483,20.2473
73.0,-2.54164,18.8748
74.0,-2.5895,17.604
75.0,-2.50198,16.3093
76.0,-2.09847,15.0583
77.0,-2.05852,14.0091
78.0,-1.59959,12.9798
79.0,-1.64727,12.18
80.0,-1.7184,11.3564
81.0,-1.50979,10.4972
82.0,-1.75103,9.74227
83.0,-1.50838,8.86676
84.0,-1.92364,8.11257
85.0,-1.61316,7.15075
86.0,-1.08333,6.34417
87.0,-1.07222,5.80251
88.0,-1.18244,5.26639
89.0,-1.15453,4.67517
90.0,-1.39515,4.09791
91.0,-1.37082,3.40034
92.0,-1.23827,2.71493
93.0,-1.10779,2.09579
94.0,-0.966302,1.5419
95.0,-1.08219,1.05875
96.0,-0.52841,0.517654
97.0,-0.506503,0.25345
98.0,-0.136454,0.000197917
99.0,-0.689685,-0.0680291
100.0,-1.19058,-0.412872
1.0,0.86044,-101.925
2.0,0.95405,-101.495
3.0,1.19271,-101.018
4.0,1.30224,-100.422
5.0,1.46369,-99.7706
6.0,1.09363,-99.0387
7.0,1.69057,-98.4919
8.0,1.56837,-97.6466
9.0,1.84779,-96.8624
10.0,2.19257,-95.9385
11.0,2.19407,-94.8422
12.0,2.61873,-93.7452
13.0,2.74683,-92.4358
14.0,2.83984,-91.0624
15.0,3.03861,-89.6425
16.0,3.13778,-88.1232
17.0,3.11742,-86.5543
18.0,2.83923,-84.9956
19.0,2.90456,-83.576
20.0,3.02663,-82.1237
21.0,3.2222,-80.6104
22.0,3.26483,-78.9993
23.0,2.98637,-77.3669
24.0,3.02969,-75.8737
25.0,2.95233,-74.3588
26.0,3.18321,-72.8827
27.0,3.57486,-71.2911
28.0,3.75318,-69.5036
29.0,3.9026,-67.627
30.0,4.09325,-65.6757
31.0,3.82687,-63.6291
32.0,4.0311,-61.7157
33.0,4.02298,-59.7001
34.0,4.04081,-57.6886
35.0,4.2891,-55.6682
36.0,4.0414,-53.5237
37.0,4.06353,-51.503
38.0,3.73619,-49.4712
39.0,3.87573,-47.6031
40.0,4.13453,-45.6653
41.0,4.14731,-43.598
42.0,4.08523,-41.5243
43.0,4.33296,-39.4817
44.0,4.5421,-37.3153
45.0,4.05978,-35.0442
46.0,4.06395,-33.0143
47.0,3.94276,-30.9823
48.0,3.61903,-29.011
49.0,3.34011,-27.2014
50.0,3.12824,-25.5314
51.0,3.12064,-23.9673
52.0,3.36377,-22.4069
53.0,3.40251,-20.7251
54.0,3.25877,-19.0238
55.0,3.29601,-17.3944
56.0,3.39273,-15.7464
57.0,3.14097,-14.0501
58.0,3.42832,-12.4796
59.0,3.39126,-10.7654
60.0,3.11905,-9.06978
61.0,2.6908,-7.51026
62.0,3.19266,-6.16486
63.0,3.28609,-4.56853
64.0,2.86814,-2.92548
65.0,2.65036,-1.49141
66.0,2.68942,-0.166232
67.0,2.51248,1.17848
68.0,3.13332,2.43471
69.0,2.88304,4.00137
70.0,3.36516,5.44289
71.0,2.86958,7.12547
72.0,2.70657,8.56026
73.0,2.4982,9.91355
74.0,2.11684,11.1626
75.0,1.9716,12.2211
76.0,2.13622,13.2069
77.0,2.33708,14.275
78.0,2.19533,15.4435
79.0,2.18863,16.5412
80.0,1.70488,17.6355
81.0,1.68655,18.4879
82.0,1.60781,19.3312
83.0,0.739215,20.1351
84.0,0.670317,20.5047
85.0,0.692448,20.8399
86.0,0.565791,21.1861
87.0,0.331655,21.469
88.0,0.223645,21.6348
89.0,0.351519,21.7467
90.0,0.288463,21.9224
91.0,0.203009,22.0666
92.0,0.060759,22.1681
93.0,0.271929,22.1985
94.0,0.0356653,22.3345
95.0,0.0107974,22.3523
96.0,-0.104543,22.3577
97.0,-0.28441,22.3055
98.0,-0.717531,22.1632
99.0,-0.921061,21.8045
100.0,-0.731692,21.344
1.0,-2.00493,110.032
2.0,-1.97785,109.029
3.0,-2.2503,108.04
4.0,-2.51846,106.915
5.0,-2.66444,105.656
6.0,-2.46286,104.324
7.0,-3.01549,103.092
8.0,-3.28149,101.585
9.0,-3.58297,99.944
10.0,-3.72812,98.1525
11.0,-3.71864,96.2884
12.0,-3.28316,94.4291
13.0,-2.95359,92.7875
14.0,-3.05228,91.3107
15.0,-3.39654,89.7846
16.0,-3.36565,88.0863
17.0,-3.18862,86.4035
18.0,-2.79621,84.8092
19.0,-2.84744,83.4111
20.0,-2.7772,81.9873
21.0,-2.63677,80.5987
22.0,-2.52676,79.2803
23.0,-2.73028,78.017
24.0,-3.03453,76.6518
25.0,-2.65426,75.1346
26.0,-2.5313,73.8074
27.0,-2.29168,72.5418
28.0,-2.32097,71.3959
29.0,-2.49058,70.2355
30.0,-2.88066,68.9902
31.0,-2.53292,67.5498
32.0,-2.17009,66.2834
33.0,-2.22504,65.1983
34.0,-2.04527,64.0858
35.0,-2.11784,63.0632
36.0,-2.49908,62.0043
37.0,-2.21467,60.7547
38.0,-2.2715,59.6474
39.0,-2.52597,58.5116
40.0,-2.66212,57.2486
41.0,-2.10909,55.9176
42.0,-1.992,54.863
43.0,-1.92345,53.867
44.0,-1.93337,52.9053
45.0,-2.25468,51.9386
46.0,-2.14269,50.8113
47.0,-2.38077,49.7399
48.0,-2.06233,48.5496
49.0,-2.15586,47.5184
50.0,-2.59268,46.4405
51.0,-2.40855,45.1441
52.0,-2.03775,43.9399
53.0,-2.28666,42.921
54.0,-1.85481,41.7776
55.0,-2.1547,40.8502
56.0,-2.21259,39.7729
57.0,-1.96768,38.6666
58.0,-1.61283,37.6828
59.0,-1.3122,36.8764
60.0,-1.53838,36.2203
61.0,-1.64432,35.4511
62.0,-1.69507,34.6289
63.0,-1.73471,33.7814
64.0,-1.35655,32.914
65.0,-1.31634,32.2357
66.0,-1.49135,31.5776
67.0,-1.77985,30.8319
68.0,-1.59023,29.942
69.0,-1.69704,29.1469
70.0,-1.80788,28.2983
71.0,-1.64362,27.3944
72.0,-1.394,26.5726
73.0,-0.946893,25.8756
74.0,-1.08806,25.4021
75.0,-1.16581,24.8581
76.0,-0.813368,24.2752
77.0,-0.896228,23.8685
78.0,-0.422515,23.4204
79.0,-0.419438,23.2091
80.0,-0.518729,22.9994
81.0,-0.647359,22.7401
82.0,-0.664745,22.4164
83.0,-0.670815,22.084
84.0,-0.470087,21.7486
85.0,-0.794985,21.5136
86.0,-0.350421,21.1161
87.0,-0.180659,20.9409
88.0,0.0387411,20.8505
89.0,0.148554,20.8699
90.0,0.548875,20.9442
91.0,0.708915,21.2186
92.0,0.341329,21.5731
93.0,0.531195,21.7437
94.0,0.573897,22.0093
95.0,0.510119,22.2963
96.0,0.460463,22.5513
97.0,0.0513182,22.7816
98.0,-0.193571,22.8072
99.0,-0.393606,22.7104
100.0,-0.446933,22.5136
