states: t,states: v,states: x
1.0,0.751458,90.7536
2.0,0.756578,91.1293
3.0,0.653233,91.5076
4.0,0.546592,91.8343
5.0,0.4271,92.1075
6.0,0.492798,92.3211
7.0,0.133009,92.5675
8.0,-0.0202489,92.634
9.0,-0.462623,92.6239
10.0,-0.922691,92.3926
11.0,-1.11808,91.9312
12.0,-1.07831,91.3722
13.0,-0.941384,90.833
14.0,-1.40455,90.3623
15.0,-1.36776,89.66
16.0,-1.75345,88.9762
17.0,-1.83766,88.0994
18.0,-1.73648,87.1806
19.0,-1.4034,86.3124
20.0,-1.6928,85.6107
21.0,-1.92727,84.7643
22.0,-1.99429,83.8006
23.0,-2.43667,82.8035
24.0,-2.42858,81.5852
25.0,-2.71385,80.3709
26.0,-2.98529,79.0139
27.0,-3.1449,77.5213
28.0,-3.21149,75.9489
29.0,-3.20382,74.3431
30.0,-3.35203,72.7412
31.0,-3.55608,71.0652
32.0,-3.50385,69.2872
33.0,-3.77905,67.5352
34.0,-3.84649,65.6457
35.0,-4.03053,63.7225
36.0,-4.08137,61.7072
37.0,-4.47953,59.6665
38.0,-4.56413,57.4267
39.0,-4.3664,55.1447
40.0,-4.20199,52.9615
41.0,-4.07411,50.8605
42.0,-4.03413,48.8234
43.0,-4.08029,46.8064
44.0,-4.3544,44.7662
45.0,-4.10217,42.589
46.0,-4.2141,40.5379
47.0,-4.11657,38.4309
48.0,-4.39539,36.3726
49.0,-4.27751,34.1749
50.0,-4.33248,32.0362
51.0,-4.4495,29.8699
52.0,-4.71303,27.6452
53.0,-4.61644,25.2887
54.0,-4.50904,22.9804
55.0,-4.28566,20.7259
56.0,-4.06833,18.5831
57.0,-3.68049,16.5489
58.0,-3.50188,14.7087
59.0,-3.09851,12.9577
60.0,-3.1421,11.4085
61.0,-2.98977,9.83743
62.0,-2.7233,8.34255
63.0,-2.7538,6.9809
64.0,-3.01005,5.604
65.0,-3.28108,4.09898
66.0,-3.03682,2.45844
67.0,-2.89558,0.940027
68.0,-2.61397,-0.507762
69.0,-2.14507,-1.81475
70.0,-2.02703,-2.88729
71.0,-1.66431,-3.9008
72.0,-1.51543,-4.73295
73.0,-1.1704,-5.49067
74.0,-0.859592,-6.07587
75.0,-0.595609,-6.50567
76.0,-0.751735,-6.80347
77.0,-1.05096,-7.17934
78.0,-1.06029,-7.70482
79.0,-1.00357,-8.23497
80.0,-0.741345,-8.73675
81.0,-0.51994,-9.10742
82.0,-0.162485,-9.36739
83.0,-0.0776166,-9.44864
84.0,0.0228151,-9.48744
85.0,0.483072,-9.47604
86.0,0.613615,-9.2345
87.0,0.619981,-8.92769
88.0,0.531452,-8.6177
89.0,0.566693,-8.35198
90.0,0.52206,-8.06863
91.0,0.985813,-7.8076
92.0,1.069,-7.31469
93.0,1.41523,-6.7802
94.0,1.57809,-6.07258
95.0,1.90622,-5.28354
96.0,1.89731,-4.33043
97.0,2.12142,-3.38177
98.0,2.34204,-2.32106
99.0,2.08092,-1.15004
100.0,2.16786,-0.109583
1.0,1.35547,83.0944
2.0,1.5354,83.7721
3.0,1.36707,84.5398
4.0,1.30231,85.2234
5.0,0.98571,85.8745
6.0,1.14331,86.3674
7.0,1.26424,86.939
8.0,1.22071,87.5712
9.0,1.08309,88.1815
10.0,1.02452,88.7231
11.0,0.720847,89.2353
12.0,0.575226,89.5958
13.0,0.410153,89.8834
14.0,0.0907974,90.0884
15.0,-0.535603,90.1339
16.0,-0.481843,89.8661
17.0,-0.433191,89.6251
18.0,-0.529403,89.4085
19.0,-0.570456,89.1438
20.0,-0.232004,88.8586
21.0,-0.240408,88.7426
22.0,-0.494833,88.6224
23.0,-0.308912,88.375
24.0,-0.419929,88.2205
25.0,-0.387247,88.0106
26.0,-0.690955,87.8169
27.0,-0.886888,87.4715
28.0,-0.878061,87.028
29.0,-0.58322,86.589
30.0,-1.26047,86.2974
31.0,-1.76046,85.6671
32.0,-2.07771,84.7869
33.0,-2.6709,83.7481
34.0,-2.94644,82.4126
35.0,-2.94056,80.9394
36.0,-3.0758,79.4691
37.0,-3.32161,77.9312
38.0,-3.51465,76.2704
39.0,-3.65675,74.5131
40.0,-3.39768,72.6847
41.0,-3.43703,70.9859
42.0,-3.29377,69.2673
43.0,-3.0595,67.6205
44.0,-2.80334,66.0907
45.0,-2.71159,64.689
46.0,-2.34496,63.3332
47.0,-2.06809,62.1608
48.0,-2.02268,61.1267
49.0,-1.73964,60.1154
50.0,-2.25436,59.2456
51.0,-1.54575,58.1184
52.0,-1.8522,57.3455
53.0,-1.98062,56.4194
54.0,-2.3397,55.4291
55.0,-2.30194,54.2592
56.0,-2.5423,53.1083
57.0,-2.53763,51.8371
58.0,-2.61141,50.5683
59.0,-2.56257,49.2626
60.0,-2.31183,47.9813
61.0,-2.35395,46.8254
62.0,-2.23388,45.6484
63.0,-2.39541,44.5315
64.0,-2.76008,43.3338
65.0,-2.91117,41.9538
66.0,-2.53064,40.4982
67.0,-2.62761,39.2328
68.0,-2.35063,37.919
69.0,-2.1788,36.7437
70.0,-2.02167,35.6543
71.0,-2.24219,34.6435
72.0,-1.92335,33.5224
73.0,-2.22494,32.5607
74.0,-2.23328,31.4483
75.0,-2.58999,30.3316
76.0,-2.7485,29.0366
77.0,-2.70712,27.6624
78.0,-2.38889,26.3088
79.0,-1.77767,25.1144
80.0,-1.59221,24.2255
81.0,-1.26788,23.4294
82.0,-0.547479,22.7955
83.0,-0.497812,22.5218
84.0,-0.526392,22.2728
85.0,-0.316633,22.0096
86.0,-0.749457,21.8513
87.0,-0.555694,21.4766
88.0,-0.433831,21.1988
89.0,-0.757829,20.9818
90.0,-0.200461,20.6029
91.0,-0.289283,20.5027
92.0,-0.165512,20.3581
93.0,-0.158475,20.2753
94.0,-0.0884923,20.1961
95.0,-0.0802968,20.1518
96.0,-0.264628,20.1117
97.0,-0.439923,19.9794
98.0,-0.544198,19.7594
99.0,-0.0386922,19.4873
100.0,-0.292215,19.4679
1.0,-2.53965,16.1813
2.0,-2.66033,14.9115
3.0,-2.46366,13.5814
4.0,-2.60857,12.3495
5.0,-2.39228,11.0452
6.0,-2.12546,9.8491
7.0,-2.36055,8.78637
8.0,-1.95298,7.6061
9.0,-1.57444,6.62961
10.0,-1.56362,5.84239
11.0,-1.16965,5.06058
12.0,-1.03202,4.47575
13.0,-0.979321,3.95975
14.0,-0.953087,3.47008
15.0,-0.875952,2.99354
16.0,-0.897247,2.55557
17.0,-0.205206,2.10694
18.0,0.275205,2.00434
19.0,0.882935,2.14194
20.0,0.793458,2.58341
21.0,0.727801,2.98014
22.0,0.853547,3.34404
23.0,0.96477,3.77081
24.0,0.86797,4.2532
25.0,0.960059,4.68718
26.0,1.23208,5.16721
27.0,1.53808,5.78325
28.0,1.77069,6.55229
29.0,2.09944,7.43763
30.0,2.22131,8.48735
31.0,2.0631,9.59801
32.0,1.92249,10.6296
33.0,1.77956,11.5908
34.0,1.95691,12.4806
35.0,2.18084,13.459
36.0,2.4801,14.5495
37.0,2.40034,15.7895
38.0,2.42331,16.9897
39.0,2.60585,18.2013
40.0,2.44842,19.5043
41.0,2.5423,20.7285
42.0,2.52761,21.9996
43.0,2.61273,23.2634
44.0,2.76109,24.5698
45.0,2.91644,25.9503
46.0,3.3329,27.4086
47.0,3.77661,29.075
48.0,3.94041,30.9633
49.0,3.56347,32.9335
50.0,3.66227,34.7153
51.0,3.79729,36.5464
52.0,3.83233,38.445
53.0,3.81676,40.3612
54.0,3.95862,42.2696
55.0,3.97821,44.2489
56.0,3.72216,46.238
57.0,3.68308,48.0991
58.0,3.56446,49.9406
59.0,3.52951,51.7228
60.0,3.64132,53.4876
61.0,3.63851,55.3083
62.0,3.87562,57.1275
63.0,3.94329,59.0653
64.0,4.30062,61.037
65.0,3.9625,63.1873
66.0,4.00821,65.1685
67.0,4.08034,67.1726
68.0,3.95487,69.2128
69.0,3.8117,71.1902
70.0,3.79685,73.0961
71.0,3.68724,74.9945
72.0,3.94951,76.8382
73.0,3.51885,78.8129
74.0,3.54085,80.5723
75.0,3.57631,82.3428
76.0,3.47656,84.1309
77.0,3.49161,85.8692
78.0,3.25389,87.615
79.0,3.08709,89.2419
80.0,2.83506,90.7855
81.0,2.7471,92.203
82.0,2.66911,93.5766
83.0,2.19941,94.9111
84.0,1.78298,96.0108
85.0,1.61618,96.9023
86.0,1.5472,97.7104
87.0,1.50435,98.484
88.0,1.12859,99.2362
89.0,0.806696,99.8005
90.0,0.657983,100.204
91.0,0.481059,100.533
92.0,0.277305,100.773
93.0,-0.246097,100.912
94.0,-0.276303,100.789
95.0,-0.422828,100.651
96.0,-0.202696,100.439
97.0,-0.70321,100.338
98.0,-0.982357,99.9864
99.0,-1.21601,99.4953
100.0,-1.58554,98.8872
1.0,-0.448386,37.9386
2.0,-0.118359,37.7144
3.0,0.078053,37.6553
4.0,-0.157194,37.6943
5.0,-0.329489,37.6157
6.0,-0.0997927,37.4509
7.0,-0.627901,37.401
8.0,-1.0242,37.0871
9.0,-1.35027,36.575
10.0,-1.53528,35.8999
11.0,-1.08808,35.1322
12.0,-0.947986,34.5882
13.0,-0.942691,34.1142
14.0,-1.13424,33.6428
15.0,-1.2384,33.0757
16.0,-1.64395,32.4565
17.0,-1.69948,31.6346
18.0,-1.81433,30.7848
19.0,-1.794,29.8777
20.0,-1.68126,28.9807
21.0,-1.52447,28.14
22.0,-1.27299,27.3778
23.0,-1.20776,26.7413
24.0,-1.48475,26.1374
25.0,-1.40274,25.395
26.0,-1.30344,24.6937
27.0,-1.52444,24.042
28.0,-1.18337,23.2797
29.0,-1.1451,22.688
30.0,-1.03567,22.1155
31.0,-0.910936,21.5977
32.0,-0.75171,21.1422
33.0,-0.642175,20.7663
34.0,-1.04053,20.4453
35.0,-1.37501,19.925
36.0,-1.4296,19.2375
37.0,-1.71038,18.5227
38.0,-1.85655,17.6675
39.0,-1.85413,16.7392
40.0,-1.65813,15.8121
41.0,-1.73095,14.9831
42.0,-1.92492,14.1176
43.0,-2.18883,13.1551
44.0,-2.0757,12.0607
45.0,-2.11552,11.0229
46.0,-2.16682,9.96512
47.0,-2.11229,8.88171
48.0,-1.94398,7.82557
49.0,-2.1666,6.85357
50.0,-2.24138,5.77028
51.0,-2.29372,4.64959
52.0,-2.22969,3.50273
53.0,-2.05104,2.38788
54.0,-2.12645,1.36236
55.0,-1.69772,0.299138
56.0,-1.79382,-0.549723
57.0,-1.62703,-1.44663
58.0,-1.37832,-2.26015
59.0,-0.986767,-2.94931
60.0,-1.11063,-3.44269
61.0,-0.971716,-3.99801
62.0,-1.03821,-4.48387
63.0,-1.06463,-5.00297
64.0,-1.1963,-5.53529
65.0,-1.47729,-6.13344
66.0,-1.09902,-6.87208
67.0,-0.830867,-7.4216
68.0,-1.08437,-7.83703
69.0,-0.781399,-8.37921
70.0,-0.940212,-8.76991
71.0,-1.17035,-9.24002
72.0,-1.4511,-9.8252
73.0,-1.60789,-10.5507
74.0,-1.35247,-11.3547
75.0,-1.24057,-12.0309
76.0,-0.912733,-12.6512
77.0,-0.670179,-13.1076
78.0,-1.11147,-13.4427
79.0,-1.16401,-13.9984
80.0,-1.18528,-14.5804
81.0,-1.54554,-15.173
82.0,-1.89633,-15.9458
83.0,-1.59045,-16.894
84.0,-1.61217,-17.6892
85.0,-1.4473,-18.4953
86.0,-1.17752,-19.2189
87.0,-1.27574,-19.8077
88.0,-1.05134,-20.4456
89.0,-0.782433,-20.9712
90.0,-0.988419,-21.3624
91.0,-0.380298,-21.8567
92.0,-0.0457816,-22.0468
93.0,0.190208,-22.0697
94.0,0.407527,-21.9746
95.0,0.375376,-21.7708
96.0,0.59241,-21.5831
97.0,0.923274,-21.2869
98.0,1.20155,-20.8253
99.0,1.07943,-20.2245
100.0,1.20261,-19.6848
1.0,1.39281,-173.276
2.0,1.70988,-172.579
3.0,1.78848,-171.724
4.0,1.90983,-170.83
5.0,2.04541,-169.875
6.0,2.2986,-168.852
7.0,2.46515,-167.703
8.0,3.05648,-166.47
9.0,3.09259,-164.942
10.0,2.87819,-163.396
11.0,3.1508,-161.957
12.0,3.12986,-160.381
13.0,3.24724,-158.816
14.0,3.45081,-157.193
15.0,3.73289,-155.467
16.0,3.62536,-153.601
17.0,3.93352,-151.788
18.0,3.83014,-149.822
19.0,3.95317,-147.907
20.0,3.90253,-145.93
21.0,4.01659,-143.979
22.0,4.27577,-141.97
23.0,3.68776,-139.833
24.0,4.29029,-137.989
25.0,4.65176,-135.843
26.0,4.73519,-133.518
27.0,4.56442,-131.15
28.0,4.64082,-128.868
29.0,5.21417,-126.547
30.0,5.43454,-123.94
31.0,5.65785,-121.223
32.0,5.77459,-118.394
33.0,5.74881,-115.507
34.0,6.40518,-112.632
35.0,6.13024,-109.43
36.0,6.36862,-106.365
37.0,6.16935,-103.18
38.0,6.39676,-100.096
39.0,6.33889,-96.8973
40.0,6.11581,-93.7279
41.0,6.14729,-90.67
42.0,6.70668,-87.5963
43.0,7.049,-84.243
44.0,7.1773,-80.7185
45.0,7.03989,-77.1298
46.0,7.01358,-73.6099
47.0,6.99624,-70.1031
48.0,7.21769,-66.605
49.0,6.79463,-62.9961
50.0,6.92523,-59.5988
51.0,6.55384,-56.1362
52.0,6.65742,-52.8593
53.0,6.95664,-49.5306
54.0,7.03189,-46.0522
55.0,6.41848,-42.5363
56.0,6.52387,-39.3271
57.0,6.18501,-36.0651
58.0,6.34258,-32.9726
59.0,6.44889,-29.8013
60.0,6.35412,-26.5769
61.0,5.86324,-23.3998
62.0,6.23153,-20.4682
63.0,6.27294,-17.3524
64.0,6.32249,-14.216
65.0,6.12037,-11.0547
66.0,5.74687,-7.99455
67.0,5.38297,-5.12111
68.0,4.89494,-2.42963
69.0,4.9669,0.017844
70.0,4.57296,2.5013
71.0,4.86261,4.78778
72.0,4.66262,7.21908
73.0,4.27425,9.55039
74.0,4.28545,11.6875
75.0,4.3537,13.8302
76.0,4.11307,16.0071
77.0,4.16363,18.0636
78.0,3.86983,20.1454
79.0,3.0634,22.0804
80.0,2.66478,23.6121
81.0,2.49848,24.9444
82.0,2.36007,26.1937
83.0,2.15065,27.3737
84.0,2.15251,28.449
85.0,1.54135,29.5253
86.0,1.44244,30.296
87.0,1.2236,31.0172
88.0,0.996362,31.629
89.0,0.890086,32.1272
90.0,0.680888,32.5722
91.0,0.805782,32.9127
92.0,0.576389,33.3155
93.0,0.147918,33.6037
94.0,-0.0541264,33.6777
95.0,-0.510404,33.6506
96.0,-0.428003,33.3954
97.0,-0.807699,33.1814
98.0,-0.97854,32.7776
99.0,-0.721535,32.2883
100.0,-0.666726,31.9275
1.0,0.505503,38.4698
2.0,0.633984,38.7225
3.0,0.295278,39.0395
4.0,0.525854,39.1871
5.0,0.45249,39.4501
6.0,0.832258,39.6763
7.0,0.834889,40.0924
8.0,0.922152,40.5099
9.0,1.04962,40.971
10.0,0.448282,41.4958
11.0,0.42539,41.7199
12.0,0.101903,41.9326
13.0,0.100808,41.9836
14.0,0.317128,42.034
15.0,0.223014,42.1925
16.0,0.29606,42.304
17.0,0.234974,42.4521
18.0,0.214377,42.5696
19.0,0.23868,42.6768
20.0,0.145575,42.7961
21.0,0.496284,42.8689
22.0,0.481807,43.117
23.0,0.345164,43.3579
24.0,-0.0141734,43.5305
25.0,-0.44431,43.5234
26.0,-0.585586,43.3013
27.0,-0.502953,43.0085
28.0,-0.714828,42.757
29.0,-0.91714,42.3996
30.0,-0.856473,41.941
31.0,-0.524691,41.5128
32.0,-0.654081,41.2504
33.0,-0.511131,40.9234
34.0,-0.3374,40.6678
35.0,-0.299054,40.4991
36.0,-0.523912,40.3496
37.0,-0.442197,40.0876
38.0,-1.00212,39.8665
39.0,-0.491217,39.3655
40.0,-0.135518,39.1199
41.0,-0.25311,39.0521
42.0,-0.651351,38.9255
43.0,-0.669314,38.5999
44.0,-0.873138,38.2652
45.0,-1.1983,37.8286
46.0,-1.10817,37.2295
47.0,-0.981343,36.6754
48.0,-1.0255,36.1847
49.0,-1.19602,35.672
50.0,-1.20093,35.074
51.0,-1.35691,34.4735
52.0,-1.38276,33.7951
53.0,-1.28793,33.1037
54.0,-1.11771,32.4597
55.0,-1.05949,31.9009
56.0,-0.880049,31.3711
57.0,-1.12,30.9311
58.0,-1.11811,30.3711
59.0,-1.17225,29.812
60.0,-1.17708,29.2259
61.0,-1.17119,28.6374
62.0,-1.48295,28.0518
63.0,-1.37877,27.3103
64.0,-1.37652,26.6209
65.0,-1.40174,25.9327
66.0,-1.29636,25.2318
67.0,-1.51651,24.5836
68.0,-1.27953,23.8254
69.0,-1.25922,23.1856
70.0,-1.51857,22.556
71.0,-1.50312,21.7967
72.0,-1.27619,21.0451
73.0,-1.03964,20.407
74.0,-0.632881,19.8872
75.0,-0.618697,19.5708
76.0,-0.412144,19.2614
77.0,-0.185159,19.0554
78.0,-0.399032,18.9628
79.0,-0.495315,18.7633
80.0,-0.482251,18.5156
81.0,-0.41244,18.2745
82.0,-0.270111,18.0683
83.0,-0.435487,17.9332
84.0,-0.550961,17.7155
85.0,-0.536415,17.44
86.0,-0.395883,17.1718
87.0,-0.0271785,16.9738
88.0,-0.257438,16.9602
89.0,-0.0428091,16.8315
90.0,-0.365635,16.8101
91.0,-0.178606,16.6273
92.0,0.120868,16.538
93.0,0.314008,16.5984
94.0,0.214264,16.7554
95.0,0.380367,16.8626
96.0,-0.145326,17.0528
97.0,0.0608065,16.9801
98.0,0.250399,17.0105
99.0,0.614357,17.1357
100.0,0.507153,17.4429
1.0,-0.240282,-90.5201
2.0,-0.196987,-90.6402
3.0,0.102127,-90.7387
4.0,0.340401,-90.6877
5.0,0.583253,-90.5175
6.0,0.933206,-90.2258
7.0,1.44529,-89.7592
8.0,1.58895,-89.0366
9.0,1.50903,-88.2421
10.0,1.89248,-87.4876
11.0,2.12232,-86.5414
12.0,1.91179,-85.4802
13.0,1.94371,-84.5243
14.0,2.16566,-83.5524
15.0,2.21797,-82.4696
16.0,2.41035,-81.3606
17.0,3.09985,-80.1554
18.0,2.67215,-78.6055
19.0,2.779,-77.2695
20.0,2.95114,-75.88
21.0,3.25865,-74.4044
22.0,3.15218,-72.7751
23.0,2.78756,-71.199
24.0,2.89182,-69.8052
25.0,2.89867,-68.3593
26.0,2.79147,-66.91
27.0,3.03689,-65.5142
28.0,3.01309,-63.9958
29.0,2.96157,-62.4892
30.0,2.92047,-61.0084
31.0,2.65167,-59.5482
32.0,3.0087,-58.2224
33.0,2.91607,-56.718
34.0,3.16117,-55.26
35.0,3.18988,-53.6794
36.0,3.46876,-52.0844
37.0,3.56926,-50.3501
38.0,4.04392,-48.5654
39.0,4.1454,-46.5435
40.0,4.16417,-44.4708
41.0,4.47405,-42.3887
42.0,4.62008,-40.1517
43.0,4.54771,-37.8416
44.0,4.52503,-35.5678
45.0,4.1686,-33.3053
46.0,3.94273,-31.221
47.0,3.1731,-29.2496
48.0,3.28833,-27.663
49.0,3.11141,-26.0189
50.0,3.31404,-24.4632
51.0,3.08919,-22.8062
52.0,3.30347,-21.2616
53.0,3.02409,-19.6098
54.0,2.63823,-18.0978
55.0,2.90916,-16.7787
56.0,2.78014,-15.3241
57.0,2.71146,-13.934
58.0,2.68644,-12.5783
59.0,2.8052,-11.2351
60.0,2.94676,-9.83247
61.0,2.98612,-8.35909
62.0,3.23636,-6.86602
63.0,3.07607,-5.24785
64.0,3.33607,-3.70981
65.0,3.40026,-2.04178
66.0,3.2245,-0.341646
67.0,3.30317,1.2706
68.0,3.49257,2.92219
69.0,3.39914,4.66848
70.0,3.12378,6.36805
71.0,3.2043,7.92994
72.0,2.95118,9.53209
73.0,2.93356,11.0077
74.0,2.91018,12.4745
75.0,2.80013,13.9295
76.0,2.85633,15.3296
77.0,2.36462,16.7578
78.0,1.76703,17.9401
79.0,1.51943,18.8236
80.0,1.18887,19.5833
81.0,1.13954,20.1778
82.0,1.12074,20.7475
83.0,0.96566,21.3079
84.0,0.854261,21.7907
85.0,0.537022,22.2179
86.0,0.0147349,22.4864
87.0,-0.189244,22.4937
88.0,0.14033,22.3991
89.0,0.114504,22.4693
90.0,-0.280245,22.5265
91.0,0.145543,22.3864
92.0,-0.0232423,22.4592
93.0,-0.0697548,22.4476
94.0,-0.136939,22.4127
95.0,-0.390542,22.3442
96.0,-0.458925,22.1489
97.0,-0.705308,21.9195
98.0,-0.986501,21.5668
99.0,-0.624922,21.0736
100.0,-0.675674,20.7611
1.0,-0.210365,-18.9855
2.0,-0.390785,-19.0907
3.0,-0.519266,-19.2861
4.0,-0.728845,-19.5457
5.0,-0.932302,-19.9102
6.0,-1.02607,-20.3763
7.0,-1.326,-20.8893
8.0,-1.10587,-21.5523
9.0,-1.51683,-22.1053
10.0,-1.10773,-22.8637
11.0,-0.974967,-23.4176
12.0,-0.597974,-23.905
13.0,-0.745295,-24.204
14.0,-0.313813,-24.5767
15.0,-0.2601,-24.7336
16.0,0.073725,-24.8636
17.0,0.0902663,-24.8268
18.0,0.0536885,-24.7816
19.0,0.0819181,-24.7548
20.0,-0.455379,-24.7138
21.0,-0.53533,-24.9415
22.0,-0.329229,-25.2092
23.0,-0.0599064,-25.3738
24.0,-0.256261,-25.4038
25.0,-0.0715184,-25.5319
26.0,-0.136173,-25.5676
27.0,0.454934,-25.6357
28.0,0.382077,-25.4083
29.0,0.0425924,-25.2172
30.0,0.404602,-25.1959
31.0,0.26656,-24.9936
32.0,0.284068,-24.8604
33.0,0.370709,-24.7183
34.0,0.0615412,-24.533
35.0,-0.133753,-24.5022
36.0,0.287538,-24.5691
37.0,0.256463,-24.4253
38.0,0.348701,-24.2971
39.0,0.331391,-24.1227
40.0,0.3765,-23.957
41.0,0.584432,-23.7688
42.0,0.203014,-23.4766
43.0,0.352078,-23.3751
44.0,0.721315,-23.199
45.0,0.386575,-22.8384
46.0,0.223731,-22.6451
47.0,0.161474,-22.5332
48.0,0.49467,-22.4525
49.0,0.509398,-22.2051
50.0,0.104681,-21.9504
51.0,0.143076,-21.8981
52.0,0.39564,-21.8266
53.0,0.526848,-21.6287
54.0,0.872177,-21.3653
55.0,0.730923,-20.9292
56.0,0.803631,-20.5638
57.0,0.857378,-20.1619
58.0,0.671689,-19.7333
59.0,0.619126,-19.3974
60.0,0.349468,-19.0878
61.0,0.520863,-18.9131
62.0,0.769733,-18.6527
63.0,1.04887,-18.2678
64.0,1.36452,-17.7434
65.0,2.10468,-17.0611
66.0,2.82236,-16.0088
67.0,3.06042,-14.5976
68.0,3.38009,-13.0674
69.0,3.16228,-11.3773
70.0,2.90407,-9.79621
71.0,3.23949,-8.34417
72.0,3.0847,-6.72443
73.0,3.2645,-5.18208
74.0,3.42145,-3.54983
75.0,3.18718,-1.8391
76.0,3.37087,-0.245511
77.0,3.08478,1.43992
78.0,2.85349,2.98231
79.0,2.84092,4.40906
80.0,2.75971,5.82952
81.0,2.67204,7.20937
82.0,2.62759,8.54539
83.0,2.84452,9.85919
84.0,2.79257,11.2815
85.0,2.24316,12.6777
86.0,1.96745,13.7993
87.0,1.8728,14.783
88.0,1.5801,15.7194
89.0,1.70031,16.5095
90.0,1.15385,17.3596
91.0,0.95196,17.9366
92.0,0.530209,18.4126
93.0,0.824776,18.6777
94.0,1.1358,19.09
95.0,1.17423,19.6579
96.0,0.956839,20.2451
97.0,0.948302,20.7235
98.0,0.980848,21.1976
99.0,0.906166,21.6881
100.0,1.39183,22.1411
1.0,-0.0802614,-32.7851
2.0,0.259925,-32.8252
3.0,0.439935,-32.6952
4.0,0.231021,-32.4753
5.0,0.173862,-32.3598
6.0,0.259592,-32.2728
7.0,0.793427,-32.143
8.0,0.722613,-31.7463
9.0,0.804108,-31.385
10.0,0.721497,-30.983
11.0,0.961188,-30.6222
12.0,1.00004,-30.1416
13.0,1.03752,-29.6416
14.0,0.65535,-29.1228
15.0,0.667827,-28.7952
16.0,0.705879,-28.4613
17.0,1.24698,-28.1083
18.0,1.25292,-27.4848
19.0,1.67466,-26.8584
20.0,1.42764,-26.021
21.0,1.52656,-25.3072
22.0,1.29903,-24.5439
23.0,1.35866,-23.8944
24.0,1.33469,-23.2151
25.0,1.6529,-22.5478
26.0,1.72635,-21.7213
27.0,2.26383,-20.8581
28.0,2.4091,-19.7262
29.0,1.921,-18.5217
30.0,1.65944,-17.5612
31.0,1.17393,-16.7314
32.0,1.11555,-16.1445
33.0,1.38524,-15.5867
34.0,1.39886,-14.8941
35.0,1.16463,-14.1947
36.0,1.05918,-13.6123
37.0,1.08797,-13.0828
38.0,0.934864,-12.5388
39.0,0.981409,-12.0713
40.0,0.907563,-11.5806
41.0,0.664268,-11.1268
42.0,1.06427,-10.7947
43.0,0.893774,-10.2626
44.0,0.898801,-9.81569
45.0,0.946561,-9.36629
46.0,0.724035,-8.89301
47.0,0.822728,-8.53099
48.0,0.841985,-8.11963
49.0,0.852134,-7.69864
50.0,0.889149,-7.27257
51.0,0.894819,-6.82799
52.0,0.979818,-6.38059
53.0,0.736165,-5.89068
54.0,0.871787,-5.52259
55.0,1.03052,-5.0867
56.0,0.925962,-4.57144
57.0,1.00546,-4.10846
58.0,1.04283,-3.60573
59.0,1.16275,-3.08431
60.0,1.0358,-2.50294
61.0,1.08639,-1.98504
62.0,1.21998,-1.44185
63.0,1.2805,-0.831856
64.0,1.52421,-0.191605
65.0,1.33743,0.570501
66.0,1.2053,1.23922
67.0,1.33638,1.84187
68.0,1.83705,2.51006
69.0,1.51255,3.42858
70.0,1.41992,4.18486
71.0,1.38838,4.89482
72.0,1.46497,5.58901
73.0,1.44428,6.32149
74.0,1.72285,7.04363
75.0,1.68975,7.90506
76.0,1.42023,8.74993
77.0,1.6314,9.46005
78.0,1.67171,10.2757
79.0,1.41873,11.1116
80.0,1.56697,11.821
81.0,1.57285,12.6045
82.0,1.34159,13.3909
83.0,1.4368,14.0617
84.0,1.34823,14.7801
85.0,0.979991,15.4542
86.0,0.495522,15.9442
87.0,0.682169,16.1919
88.0,0.940696,16.533
89.0,1.04336,17.0034
90.0,0.951724,17.5251
91.0,0.852951,18.0009
92.0,1.08639,18.4274
93.0,0.702375,18.9706
94.0,0.934673,19.3218
95.0,0.493069,19.7891
96.0,0.596903,20.0356
97.0,0.177357,20.3341
98.0,0.354086,20.4228
99.0,0.411016,20.5998
100.0,0.284574,20.8053
1.0,0.428371,-113.097
2.0,0.596823,-112.883
3.0,0.644984,-112.584
4.0,0.752634,-112.262
5.0,0.958589,-111.885
6.0,1.13954,-111.406
7.0,1.27795,-110.836
8.0,1.35005,-110.197
9.0,1.56396,-109.522
10.0,1.67863,-108.74
11.0,1.88114,-107.901
12.0,1.61992,-106.96
13.0,1.23503,-106.15
14.0,1.70497,-105.533
15.0,1.78766,-104.68
16.0,1.98064,-103.787
17.0,2.42888,-102.796
18.0,2.77945,-101.582
19.0,3.09229,-100.192
20.0,3.15547,-98.646
21.0,3.26661,-97.0683
22.0,3.50641,-95.435
23.0,3.80047,-93.6818
24.0,3.63336,-91.7815
25.0,3.81124,-89.9649
26.0,3.69347,-88.0592
27.0,4.12573,-86.2125
28.0,4.18514,-84.1496
29.0,4.51387,-82.0571
30.0,4.36273,-79.8001
31.0,4.40567,-77.6188
32.0,4.54747,-75.4159
33.0,4.89581,-73.1422
34.0,5.17782,-70.6943
35.0,5.04363,-68.1054
36.0,5.34447,-65.5836
37.0,5.11792,-62.9113
38.0,5.21519,-60.3524
39.0,5.01127,-57.7448
40.0,4.88993,-55.2391
41.0,4.50935,-52.7942
42.0,4.15465,-50.5395
43.0,4.47685,-48.4622
44.0,4.84726,-46.2237
45.0,5.13659,-43.8001
46.0,4.86376,-41.2318
47.0,5.02703,-38.7999
48.0,4.94435,-36.2864
49.0,4.55069,-33.8143
50.0,4.56791,-31.5389
51.0,4.26063,-29.255
52.0,3.95333,-27.1246
53.0,3.91604,-25.148
54.0,3.58085,-23.19
55.0,3.4017,-21.3995
56.0,3.09882,-19.6987
57.0,3.10621,-18.1493
58.0,3.12444,-16.5962
59.0,3.24679,-15.0339
60.0,3.02215,-13.4106
61.0,3.11063,-11.8995
62.0,3.39916,-10.3442
63.0,3.45171,-8.64458
64.0,3.35471,-6.91873
65.0,2.98508,-5.24137
66.0,3.38113,-3.74884
67.0,3.33588,-2.05827
68.0,3.22744,-0.39033
69.0,2.95557,1.22339
70.0,2.79759,2.70117
71.0,2.63336,4.09997
72.0,2.56261,5.41665
73.0,2.42574,6.69795
74.0,2.11796,7.91082
75.0,1.80327,8.9698
76.0,2.03256,9.87143
77.0,1.90177,10.8877
78.0,1.79151,11.8386
79.0,2.12667,12.7344
80.0,1.89955,13.7977
81.0,1.91573,14.7475
82.0,1.76617,15.7053
83.0,1.90109,16.5884
84.0,2.03228,17.539
85.0,1.4858,18.5551
86.0,1.61002,19.298
87.0,1.09346,20.103
88.0,1.11022,20.6497
89.0,1.12974,21.2049
90.0,0.642061,21.7697
91.0,0.478483,22.0908
92.0,0.227119,22.33
93.0,0.0374536,22.4436
94.0,-0.188497,22.4623
95.0,-0.184153,22.368
96.0,-0.987628,22.276
97.0,-0.969555,21.7821
98.0,-1.29088,21.2974
99.0,-1.49417,20.6519
100.0,-1.39522,19.9048
1.0,0.0604968,116.345
2.0,0.209523,116.375
3.0,0.446156,116.48
4.0,0.00641927,116.703
5.0,-0.0110622,116.706
6.0,-0.121448,116.701
7.0,-0.140692,116.64
8.0,-0.323233,116.57
9.0,-0.527277,116.408
10.0,-0.575316,116.145
11.0,-0.454384,115.857
12.0,-0.81058,115.63
13.0,-1.27978,115.224
14.0,-1.22016,114.585
15.0,-1.33168,113.975
16.0,-1.75459,113.309
17.0,-1.67987,112.431
18.0,-1.20514,111.591
19.0,-1.07941,110.989
20.0,-0.98295,110.449
21.0,-1.52305,109.958
22.0,-1.62838,109.196
23.0,-1.31111,108.382
24.0,-1.03683,107.726
25.0,-1.3768,107.208
26.0,-1.69551,106.52
27.0,-1.60493,105.672
28.0,-2.05045,104.869
29.0,-2.23969,103.844
30.0,-2.52018,102.724
31.0,-2.52808,101.464
32.0,-2.91803,100.2
33.0,-3.24442,98.7412
34.0,-3.56537,97.119
35.0,-3.64951,95.3363
36.0,-3.36367,93.5115
37.0,-3.67767,91.8297
38.0,-3.86575,89.9909
39.0,-4.03579,88.058
40.0,-4.31095,86.0401
41.0,-4.3221,83.8846
42.0,-4.62678,81.7236
43.0,-3.95777,79.4102
44.0,-4.57042,77.4313
45.0,-4.60663,75.1461
46.0,-4.67422,72.8428
47.0,-4.67674,70.5057
48.0,-4.90381,68.1673
49.0,-5.25312,65.7154
50.0,-4.94403,63.0888
51.0,-4.82668,60.6168
52.0,-4.7228,58.2035
53.0,-4.57392,55.8421
54.0,-4.37106,53.5551
55.0,-4.53555,51.3696
56.0,-4.72201,49.1018
57.0,-4.49628,46.7408
58.0,-3.97795,44.4927
59.0,-3.80252,42.5037
60.0,-3.47431,40.6024
61.0,-3.23532,38.8653
62.0,-3.13394,37.2476
63.0,-3.06682,35.6806
64.0,-3.2343,34.1472
65.0,-3.40155,32.5301
66.0,-3.38222,30.8293
67.0,-3.16445,29.1382
68.0,-2.77232,27.556
69.0,-2.91294,26.1698
70.0,-2.74376,24.7133
71.0,-2.42805,23.3415
72.0,-2.18681,22.1274
73.0,-2.04827,21.034
74.0,-1.56754,20.0099
75.0,-1.4097,19.2261
76.0,-1.44583,18.5213
77.0,-1.52741,17.7984
78.0,-1.40421,17.0347
79.0,-0.923921,16.3326
80.0,-0.909889,15.8706
81.0,-0.106427,15.4157
82.0,0.291942,15.3624
83.0,0.583992,15.5084
84.0,0.487739,15.8004
85.0,0.53163,16.0443
86.0,0.993715,16.3101
87.0,0.775159,16.8069
88.0,0.69514,17.1945
89.0,0.659742,17.5421
90.0,0.713953,17.872
91.0,0.659391,18.2289
92.0,0.254237,18.5586
93.0,0.644296,18.6858
94.0,0.553118,19.0079
95.0,0.429697,19.2845
96.0,0.707078,19.4993
97.0,0.67613,19.8528
98.0,0.814293,20.1909
99.0,0.658549,20.5981
100.0,0.796603,20.9273
1.0,2.64652,-29.116
2.0,2.74756,-27.7927
3.0,2.46098,-26.419
4.0,2.12,-25.1885
5.0,2.06292,-24.1285
6.0,1.842,-23.097
7.0,2.02014,-22.176
8.0,1.93023,-21.1659
9.0,1.8094,-20.2008
10.0,1.69745,-19.2961
11.0,2.12323,-18.4474
12.0,2.22323,-17.3858
13.0,2.27315,-16.2742
14.0,2.30363,-15.1376
15.0,2.22462,-13.9858
16.0,1.88807,-12.8735
17.0,1.76322,-11.9294
18.0,1.60721,-11.0478
19.0,1.82683,-10.2442
20.0,1.77003,-9.33079
21.0,1.68911,-8.44578
22.0,1.43913,-7.60122
23.0,1.46802,-6.88166
24.0,1.44027,-6.14765
25.0,1.4044,-5.42751
26.0,1.13649,-4.72531
27.0,1.00758,-4.15707
28.0,1.20252,-3.65328
29.0,1.35914,-3.05202
30.0,1.47617,-2.37245
31.0,1.73981,-1.63437
32.0,1.65779,-0.764463
33.0,1.95121,0.0644336
34.0,1.86029,1.04004
35.0,1.31762,1.97018
36.0,1.52794,2.62899
37.0,1.68253,3.39296
38.0,1.78403,4.23423
39.0,1.77994,5.12624
40.0,1.39521,6.01621
41.0,1.96235,6.71382
42.0,2.05312,7.69499
43.0,2.14681,8.72155
44.0,2.12066,9.79496
45.0,1.90979,10.8553
46.0,2.25211,11.8102
47.0,2.25833,12.9362
48.0,2.29845,14.0654
49.0,1.8063,15.2146
50.0,1.63718,16.1178
51.0,1.80729,16.9364
52.0,1.6604,17.84
53.0,1.4589,18.6702
54.0,1.38136,19.3997
55.0,1.22963,20.0903
56.0,1.01373,20.7052
57.0,1.21533,21.212
58.0,0.876887,21.8197
59.0,0.733453,22.2581
60.0,0.510209,22.6249
61.0,0.167529,22.88
62.0,0.427472,22.9637
63.0,0.38454,23.1775
64.0,0.082019,23.3697
65.0,-0.16104,23.4107
66.0,-0.285773,23.3302
67.0,0.128172,23.1873
68.0,0.310805,23.2514
69.0,0.405318,23.4068
70.0,0.027026,23.6095
71.0,0.431858,23.623
72.0,0.497866,23.8389
73.0,0.467199,24.0879
74.0,0.354235,24.3215
75.0,0.0581635,24.4986
76.0,0.333272,24.5277
77.0,0.184725,24.6943
78.0,0.00629248,24.7866
79.0,-0.0607935,24.7898
80.0,-0.47854,24.7594
81.0,-0.476196,24.5201
82.0,-0.583091,24.282
83.0,-0.532498,23.9905
84.0,-0.754255,23.7242
85.0,-0.986968,23.3471
86.0,-0.643542,22.8536
87.0,-0.189534,22.5319
88.0,-0.244922,22.4371
89.0,-0.232094,22.3146
90.0,-0.200545,22.1986
91.0,-0.20448,22.0983
92.0,-0.717142,21.9961
93.0,-0.601874,21.6375
94.0,-0.736512,21.3366
95.0,-0.691671,20.9683
96.0,-0.748045,20.6225
97.0,-0.48113,20.2484
98.0,-0.227915,20.0079
99.0,-0.32093,19.8939
100.0,-0.457995,19.7335
1.0,-1.21808,-41.0815
2.0,-0.883619,-41.6905
3.0,-0.755502,-42.1323
4.0,-0.622255,-42.5101
5.0,-0.616297,-42.8212
6.0,-0.183391,-43.1294
7.0,0.108507,-43.2211
8.0,0.210039,-43.1668
9.0,0.286293,-43.0618
10.0,0.688401,-42.9186
11.0,0.517617,-42.5744
12.0,0.888963,-42.3156
13.0,1.19544,-41.8712
14.0,1.20745,-41.2734
15.0,1.18263,-40.6697
16.0,1.40086,-40.0784
17.0,1.88212,-39.378
18.0,1.76913,-38.4369
19.0,1.49472,-37.5523
20.0,1.84195,-36.805
21.0,2.00237,-35.884
22.0,2.13893,-34.8828
23.0,2.60493,-33.8134
24.0,2.89921,-32.5109
25.0,2.86304,-31.0613
26.0,2.37634,-29.6298
27.0,2.39998,-28.4416
28.0,2.19842,-27.2416
29.0,2.06174,-26.1424
30.0,1.95227,-25.1115
31.0,1.97533,-24.1354
32.0,2.16203,-23.1477
33.0,1.74838,-22.0667
34.0,1.67185,-21.1925
35.0,1.6731,-20.3566
36.0,2.07416,-19.52
37.0,2.16383,-18.483
38.0,2.18403,-17.401
39.0,2.12896,-16.309
40.0,2.34284,-15.2446
41.0,2.26617,-14.0731
42.0,2.369,-12.94
43.0,2.70053,-11.7555
44.0,2.83051,-10.4053
45.0,2.77617,-8.99003
46.0,2.93802,-7.60194
47.0,3.21818,-6.13293
48.0,3.0014,-4.52384
49.0,2.76313,-3.02314
50.0,2.75385,-1.64158
51.0,2.73081,-0.264652
52.0,2.60088,1.10075
53.0,2.65729,2.40119
54.0,2.78729,3.72984
55.0,2.98234,5.12349
56.0,2.35585,6.61465
57.0,2.66643,7.79258
58.0,2.89786,9.12579
59.0,2.91278,10.5747
60.0,2.59246,12.0311
61.0,2.22183,13.3273
62.0,1.93549,14.4383
63.0,2.22577,15.406
64.0,2.39259,16.5189
65.0,2.3819,17.7152
66.0,2.1857,18.9061
67.0,1.84115,19.999
68.0,1.53108,20.9196
69.0,1.13718,21.6851
70.0,0.945155,22.2537
71.0,1.0608,22.7263
72.0,0.822014,23.2567
73.0,0.866178,23.6677
74.0,0.765414,24.1008
75.0,0.514414,24.4835
76.0,0.631899,24.7407
77.0,0.530826,25.0566
78.0,0.0119582,25.322
79.0,-0.104371,25.328
80.0,-0.105803,25.2758
81.0,-0.406078,25.2229
82.0,-0.519884,25.0199
83.0,-0.14176,24.76
84.0,0.0918176,24.6891
85.0,0.106202,24.735
86.0,-0.199923,24.7881
87.0,-0.296966,24.6881
88.0,-0.424134,24.5396
89.0,-0.282294,24.3276
90.0,-0.764121,24.1864
91.0,-0.756764,23.8044
92.0,-0.918847,23.426
93.0,-0.838993,22.9666
94.0,-0.799918,22.5471
95.0,-1.29142,22.1471
96.0,-1.08395,21.5014
97.0,-1.06934,20.9594
98.0,-0.856505,20.4247
99.0,-0.986891,19.9965
100.0,-0.978428,19.503
1.0,1.00236,91.1241
2.0,1.37472,91.6253
3.0,1.23784,92.3127
4.0,1.23283,92.9316
5.0,1.16759,93.548
6.0,1.0222,94.1318
7.0,0.724429,94.6429
8.0,0.696311,95.0051
9.0,0.236196,95.3533
10.0,0.102354,95.4714
11.0,0.217359,95.5226
12.0,0.539025,95.6312
13.0,0.559187,95.9007
14.0,0.702317,96.1803
15.0,0.314456,96.5315
16.0,-0.14127,96.6887
17.0,-0.221133,96.6181
18.0,-0.349832,96.5075
19.0,-0.539414,96.3326
20.0,-0.52906,96.0629
21.0,-0.449451,95.7984
22.0,-0.723016,95.5737
23.0,-0.963746,95.2121
24.0,-1.26005,94.7303
25.0,-1.38311,94.1002
26.0,-1.13873,93.4087
27.0,-0.935178,92.8393
28.0,-0.952284,92.3717
29.0,-1.01874,91.8956
30.0,-0.76266,91.3862
31.0,-0.690201,91.0049
32.0,-1.30531,90.6598
33.0,-1.59546,90.0071
34.0,-2.03424,89.2094
35.0,-2.18684,88.1923
36.0,-2.42255,87.0989
37.0,-2.17951,85.8876
38.0,-2.54273,84.7978
39.0,-2.48653,83.5265
40.0,-3.00505,82.2832
41.0,-3.15248,80.7807
42.0,-2.88344,79.2044
43.0,-2.88357,77.7627
44.0,-2.78836,76.3209
45.0,-3.154,74.9268
46.0,-3.61224,73.3498
47.0,-3.97194,71.5436
48.0,-4.15662,69.5577
49.0,-4.34039,67.4794
50.0,-4.61289,65.3092
51.0,-4.70845,63.0027
52.0,-4.79024,60.6485
53.0,-5.22732,58.2534
54.0,-4.94342,55.6397
55.0,-4.76436,53.168
56.0,-4.63931,50.7858
57.0,-4.5113,48.4662
58.0,-4.50711,46.2105
59.0,-4.09031,43.957
60.0,-4.21623,41.9118
61.0,-4.23062,39.8037
62.0,-4.47417,37.6884
63.0,-4.3416,35.4513
64.0,-4.11535,33.2805
65.0,-4.18475,31.2228
66.0,-4.14855,29.1304
67.0,-3.84728,27.0562
68.0,-3.95729,25.1325
69.0,-3.72459,23.1539
70.0,-3.7425,21.2916
71.0,-3.86921,19.4203
72.0,-3.62443,17.4857
73.0,-3.4669,15.6735
74.0,-3.11591,13.9401
75.0,-2.50467,12.3821
76.0,-2.47103,11.1298
77.0,-2.35014,9.89427
78.0,-1.82266,8.7192
79.0,-1.91935,7.80787
80.0,-1.92118,6.8482
81.0,-2.21194,5.88761
82.0,-2.01663,4.78164
83.0,-1.84691,3.77332
84.0,-1.70446,2.84987
85.0,-1.47403,1.99764
86.0,-1.66062,1.26063
87.0,-1.49104,0.43032
88.0,-1.11579,-0.315199
89.0,-0.877056,-0.873094
90.0,-0.725623,-1.31162
91.0,-0.727986,-1.67443
92.0,-0.273003,-2.03843
93.0,-0.373825,-2.17493
94.0,0.237688,-2.36184
95.0,0.759569,-2.243
96.0,0.836262,-1.86321
97.0,0.892185,-1.44508
98.0,0.653696,-0.998989
99.0,0.507696,-0.67214
100.0,0.391502,-0.418292
1.0,-0.510218,-72.2171
2.0,-0.446315,-72.4722
3.0,-0.0538327,-72.6954
4.0,0.281383,-72.7223
5.0,0.30032,-72.5816
6.0,0.468,-72.4314
7.0,0.586553,-72.1974
8.0,0.381092,-71.9042
9.0,0.541364,-71.7136
10.0,0.765949,-71.4429
11.0,0.866146,-71.06
12.0,1.03016,-70.6269
13.0,0.996196,-70.1118
14.0,0.912916,-69.6137
15.0,0.827368,-69.1572
16.0,0.911704,-68.7436
17.0,1.01104,-68.2877
18.0,1.07785,-67.7822
19.0,1.08055,-67.2433
20.0,1.2792,-66.703
21.0,1.48911,-66.0634
22.0,1.55687,-65.3188
23.0,1.64199,-64.5404
24.0,1.37695,-63.7194
25.0,1.50828,-63.0309
26.0,1.82604,-62.2768
27.0,1.64028,-61.3638
28.0,1.07011,-60.5436
29.0,1.10012,-60.0086
30.0,1.30922,-59.4585
31.0,1.23037,-58.8039
32.0,1.44955,-58.1887
33.0,1.45444,-57.4639
34.0,1.71831,-56.7367
35.0,1.9697,-55.8776
36.0,1.86411,-54.8927
37.0,2.17444,-53.9607
38.0,2.19192,-52.8734
39.0,2.40529,-51.7775
40.0,2.68388,-50.5748
41.0,2.925,-49.2329
42.0,2.56623,-47.7704
43.0,2.78062,-46.4873
44.0,2.66958,-45.097
45.0,3.12184,-43.7622
46.0,3.09849,-42.2013
47.0,3.10962,-40.652
48.0,3.22522,-39.0972
49.0,3.54448,-37.4846
50.0,3.59746,-35.7123
51.0,3.21626,-33.9136
52.0,2.87113,-32.3055
53.0,2.8885,-30.8699
54.0,3.42542,-29.4257
55.0,3.05987,-27.713
56.0,3.26382,-26.183
57.0,3.06423,-24.5511
58.0,2.97396,-23.019
59.0,3.1679,-21.532
60.0,2.80087,-19.9481
61.0,2.64879,-18.5476
62.0,2.63152,-17.2232
63.0,2.1476,-15.9075
64.0,2.29564,-14.8337
65.0,2.11158,-13.6859
66.0,2.16778,-12.6301
67.0,2.42187,-11.5462
68.0,2.49284,-10.3352
69.0,2.40874,-9.08882
70.0,2.79439,-7.88445
71.0,2.72985,-6.48726
72.0,2.4001,-5.12233
73.0,2.1568,-3.92228
74.0,2.02871,-2.84388
75.0,1.78152,-1.82953
76.0,1.84518,-0.93877
77.0,2.00733,-0.0161779
78.0,1.82489,0.987489
79.0,1.41535,1.89994
80.0,1.34689,2.60761
81.0,1.24509,3.28106
82.0,1.23626,3.9036
83.0,1.44579,4.52173
84.0,1.25081,5.24463
85.0,1.05992,5.87004
86.0,1.03885,6.4
87.0,1.50059,6.91942
88.0,1.14924,7.66971
89.0,1.25549,8.24433
90.0,1.30846,8.87208
91.0,1.23003,9.52631
92.0,0.378494,10.1413
93.0,1.02318,10.3306
94.0,1.09919,10.8422
95.0,0.968176,11.3918
96.0,1.13677,11.8758
97.0,0.769952,12.4442
98.0,0.932503,12.8292
99.0,0.98929,13.2955
100.0,1.4851,13.7901
1.0,0.119388,-46.0251
2.0,0.295246,-45.9654
3.0,-0.20548,-45.8178
4.0,-0.318899,-45.9205
5.0,-0.383803,-46.08
6.0,-0.324855,-46.2719
7.0,-0.513825,-46.4343
8.0,-0.351412,-46.6912
9.0,-0.152247,-46.8669
10.0,-0.163163,-46.943
11.0,-0.231483,-47.0246
12.0,-0.074279,-47.1404
13.0,0.215009,-47.1775
14.0,0.280473,-47.07
15.0,0.0565121,-46.9298
16.0,0.0395088,-46.9015
17.0,0.553894,-46.8817
18.0,1.02185,-46.6048
19.0,1.03992,-46.0939
20.0,0.938961,-45.5739
21.0,0.667937,-45.1044
22.0,0.674356,-44.7705
23.0,0.913824,-44.4333
24.0,1.03414,-43.9764
25.0,1.09899,-43.4593
26.0,1.05866,-42.9098
27.0,1.29787,-42.3805
28.0,1.35695,-41.7315
29.0,1.68403,-41.0531
30.0,1.6587,-40.2111
31.0,2.09113,-39.3817
32.0,2.27725,-38.3361
33.0,2.58986,-37.1975
34.0,2.38716,-35.9026
35.0,2.64163,-34.709
36.0,2.82405,-33.3882
37.0,2.64967,-31.9762
38.0,2.83362,-30.6513
39.0,2.75027,-29.2345
40.0,2.55173,-27.8594
41.0,2.76595,-26.5835
42.0,2.8194,-25.2005
43.0,2.98493,-23.7908
44.0,3.17866,-22.2984
45.0,3.16556,-20.7091
46.0,3.03999,-19.1263
47.0,2.77104,-17.6063
48.0,2.75054,-16.2208
49.0,3.05144,-14.8455
50.0,3.28279,-13.3198
51.0,3.32112,-11.6784
52.0,2.98204,-10.0178
53.0,2.98037,-8.52679
54.0,3.13359,-7.0366
55.0,3.11941,-5.46981
56.0,3.015,-3.9101
57.0,2.86491,-2.4026
58.0,2.97864,-0.970148
59.0,2.81875,0.519175
60.0,2.78312,1.92855
61.0,2.83771,3.32011
62.0,3.02399,4.73897
63.0,2.93246,6.25096
64.0,2.63094,7.71719
65.0,2.61708,9.03266
66.0,2.36701,10.3412
67.0,2.30716,11.5247
68.0,2.48774,12.6783
69.0,2.50886,13.9222
70.0,2.22875,15.1766
71.0,2.2798,16.291
72.0,1.96543,17.4309
73.0,1.64942,18.4136
74.0,1.39028,19.2383
75.0,1.42408,19.9334
76.0,1.26531,20.6455
77.0,1.5506,21.2781
78.0,1.23333,22.0534
79.0,1.50216,22.6701
80.0,1.40395,23.4212
81.0,1.2653,24.1231
82.0,1.431,24.7558
83.0,1.35183,25.4713
84.0,1.28159,26.1472
85.0,1.0728,26.788
86.0,1.1942,27.3244
87.0,1.31481,27.9215
88.0,1.44701,28.5789
89.0,1.42478,29.3024
90.0,1.13905,30.0148
91.0,1.20883,30.5843
92.0,1.20478,31.1887
93.0,1.16496,31.7911
94.0,1.0406,32.3736
95.0,1.40638,32.8939
96.0,1.53217,33.5971
97.0,1.08197,34.3632
98.0,0.743035,34.9042
99.0,0.815381,35.2757
100.0,0.827953,35.6834
1.0,1.11261,137.332
2.0,1.28784,137.889
3.0,1.45245,138.533
4.0,1.65714,139.259
5.0,1.53409,140.088
6.0,1.26963,140.855
7.0,0.892466,141.489
8.0,0.974531,141.936
9.0,1.19815,142.423
10.0,0.865901,143.022
11.0,0.559639,143.455
12.0,0.564686,143.735
13.0,0.275465,144.017
14.0,-0.285868,144.155
15.0,-0.592819,144.012
16.0,-0.574637,143.715
17.0,-0.559963,143.428
18.0,-0.330569,143.148
19.0,-0.523527,142.983
20.0,-0.928616,142.721
21.0,-0.975216,142.257
22.0,-1.02347,141.769
23.0,-1.52854,141.257
24.0,-1.26586,140.493
25.0,-1.66068,139.86
26.0,-1.93067,139.03
27.0,-1.83414,138.065
28.0,-2.11988,137.147
29.0,-2.03093,136.088
30.0,-2.04206,135.072
31.0,-2.00754,134.051
32.0,-2.50351,133.047
33.0,-3.23106,131.796
34.0,-3.36511,130.18
35.0,-3.23237,128.497
36.0,-3.29889,126.881
37.0,-3.64691,125.232
38.0,-3.80118,123.408
39.0,-4.21343,121.508
40.0,-4.59726,119.401
41.0,-4.81045,117.102
42.0,-5.1288,114.697
43.0,-4.96192,112.133
44.0,-5.08004,109.652
45.0,-5.238,107.112
46.0,-5.35774,104.493
47.0,-5.41506,101.814
48.0,-5.10108,99.1064
49.0,-5.05662,96.5559
50.0,-5.20301,94.0276
51.0,-5.29192,91.4261
52.0,-5.17426,88.7801
53.0,-4.94646,86.193
54.0,-4.87131,83.7198
55.0,-4.53127,81.2841
56.0,-4.49978,79.0185
57.0,-4.51539,76.7686
58.0,-4.71345,74.5109
59.0,-4.69202,72.1542
60.0,-4.84829,69.8082
61.0,-4.98123,67.384
62.0,-5.18419,64.8934
63.0,-5.19896,62.3013
64.0,-5.22679,59.7018
65.0,-5.50489,57.0884
66.0,-5.63312,54.336
67.0,-5.99531,51.5194
68.0,-5.88912,48.5218
69.0,-6.19908,45.5772
70.0,-6.27019,42.4777
71.0,-6.12723,39.3426
72.0,-6.24175,36.279
73.0,-6.07057,33.1581
74.0,-5.3594,30.1228
75.0,-5.07105,27.4431
76.0,-5.23508,24.9076
77.0,-4.95434,22.29
78.0,-5.17288,19.8129
79.0,-5.12795,17.2264
80.0,-4.98253,14.6625
81.0,-4.57583,12.1712
82.0,-4.0151,9.88328
83.0,-3.59827,7.87573
84.0,-3.48552,6.07659
85.0,-3.70345,4.33383
86.0,-3.80172,2.48211
87.0,-3.21195,0.581246
88.0,-3.17051,-1.02473
89.0,-2.65882,-2.60998
90.0,-2.43555,-3.93939
91.0,-2.44066,-5.15717
92.0,-2.26637,-6.3775
93.0,-2.18711,-7.51069
94.0,-1.62182,-8.60424
95.0,-1.56875,-9.41516
96.0,-1.3018,-10.1995
97.0,-1.17306,-10.8504
98.0,-1.06213,-11.437
99.0,-1.20068,-11.968
100.0,-0.935983,-12.5684
